-0.178955078125 0.152099609375 1.063720703125
-0.389404296875 0.1865234375 0.84814453125
-0.12255859375 0.17578125 1.022216796875
-0.5244140625 0.252197265625 0.883544921875
-0.099853515625 0.172607421875 0.95166015625
-0.345703125 0.2431640625 1.00439453125
-0.2490234375 0.16162109375 0.99267578125
-0.222412109375 0.2177734375 0.936767578125
-0.42822265625 0.225341796875 0.936279296875
-0.224365234375 0.15087890625 0.900634765625
-0.134521484375 0.193603515625 0.983154296875
-0.732421875 0.1484375 0.735595703125
-0.44287109375 -0.04248046875 1.138427734375
-0.666748046875 0.004638671875 0.730712890625
-0.419921875 0.19677734375 0.89501953125
-0.60595703125 0.064453125 0.884033203125
-0.5986328125 0.045654296875 0.741455078125
-0.68310546875 0.0556640625 0.919921875
-0.627197265625 0.0126953125 0.694580078125
-0.5869140625 0.086669921875 0.968505859375
-0.629150390625 -0.002197265625 0.659423828125
-0.562744140625 0.02490234375 1.02587890625
-0.679443359375 -0.10009765625 0.722412109375
-0.7021484375 0.08154296875 0.891357421875
-0.490966796875 0.0888671875 0.82080078125
-0.54052734375 0.150146484375 0.814208984375
-0.362060546875 0.186279296875 0.929931640625
-0.607177734375 0.18408203125 0.73193359375
-0.5126953125 0.341796875 0.72021484375
-0.70068359375 0.125 1.12744140625
-0.751708984375 0.05419921875 0.838134765625
-0.556640625 -0.065185546875 0.8671875
-0.640869140625 0.11083984375 0.601806640625
-0.81640625 -0.209228515625 0.81787109375
-0.485107421875 0.345458984375 0.631103515625
-0.915771484375 -0.365234375 0.83642578125
-0.49609375 0.372314453125 0.658447265625
-0.8642578125 -0.23193359375 0.775634765625
-0.51806640625 0.35009765625 0.703857421875
-0.832275390625 -0.13671875 0.84375
-0.4814453125 0.374755859375 0.638671875
-0.99951171875 -0.25244140625 0.8369140625
-0.506103515625 0.5107421875 0.63134765625
-0.8564453125 -0.174072265625 0.806640625
-0.572265625 0.32080078125 0.7041015625
-0.746826171875 0.023681640625 0.8017578125
-0.504150390625 0.404296875 0.683349609375
-0.7275390625 0.0654296875 0.818115234375
-0.604736328125 0.17626953125 0.713623046875
-0.568359375 0.170166015625 0.882568359375
-0.66162109375 0.158447265625 0.874267578125
-0.6962890625 0.152587890625 0.7685546875
-0.387939453125 0.29833984375 0.818359375
-0.492919921875 0.376953125 0.781494140625
-0.671630859375 -0.05419921875 0.927978515625
-0.33935546875 0.36376953125 0.72509765625
-0.74609375 0.13623046875 0.878662109375
-0.535400390625 0.15576171875 0.8701171875
-0.395751953125 0.138671875 0.91455078125
-0.794189453125 0.015625 0.735107421875
-0.426513671875 0.16357421875 0.841064453125
-0.51611328125 0.13525390625 0.976806640625
-0.635986328125 -0.035400390625 0.752685546875
-0.384033203125 0.07958984375 0.889404296875
-0.730712890625 -0.04296875 0.85693359375
-0.4521484375 0.083740234375 0.876220703125
-0.51611328125 0.0078125 0.848876953125
-0.633544921875 -0.066650390625 0.83349609375
-0.48388671875 0.072265625 0.828369140625
-0.56201171875 -0.071533203125 0.828369140625
