-0.26025390625 0.060302734375 0.84765625 -27.7439022064209 56.76829528808594 33.658538818359375
-0.408447265625 0.003173828125 0.883056640625 -3.7195122241973877 8.384146690368652 0.5487805008888245
-0.29541015625 -0.1962890625 1.08935546875 2.6219513416290283 3.47560977935791 33.07926940917969
-0.748046875 -0.151123046875 0.77099609375 -25.54878044128418 13.567073822021484 -2.012195110321045
-0.345947265625 -0.200439453125 1.098388671875 1.6463415622711182 45.274391174316406 19.024391174316406
-0.88671875 -0.088134765625 0.718505859375 -26.58536720275879 -11.219512939453125 6.829268455505371
-0.212158203125 0.1708984375 0.811279296875 42.378047943115234 47.3780517578125 -11.737805366516113
-1.009521484375 -0.160400390625 0.86474609375 -30.64024543762207 -24.268293380737305 21.463415145874023
-0.41357421875 0.24755859375 0.78759765625 43.04878234863281 64.78659057617188 -8.810976028442383
-0.9111328125 -0.09619140625 0.862060546875 2.2560975551605225 -9.908536911010742 47.43902587890625
-0.63134765625 0.385009765625 0.594482421875 97.71341705322266 -1.3719512224197388 -53.6280517578125
-0.548583984375 0.54296875 0.635498046875 60.24390411376953 -7.378048896789551 39.84756088256836
-0.52490234375 0.5908203125 0.62646484375 32.835365295410156 -31.95121955871582 -31.371952056884766
-0.7080078125 0.301513671875 0.688232421875 -16.981708526611328 11.890244483947754 31.79878044128418
-0.8388671875 0.19775390625 0.602783203125 -9.72560977935791 9.329268455505371 21.58536720275879
-0.48388671875 0.31689453125 0.71923828125 -11.95121955871582 -7.987804889678955 -58.47561264038086
-0.65283203125 0.392578125 0.862060546875 -16.585365295410156 4.6646342277526855 -19.08536720275879
-0.60546875 0.6279296875 0.65625 -7.896341800689697 -14.054878234863281 -16.128049850463867
-0.725341796875 -0.13720703125 0.7841796875 -5.304878234863281 9.908536911010742 22.65243911743164
-0.55419921875 0.578857421875 0.65087890625 4.0853657722473145 -11.25 -1.0670732259750366
-0.645751953125 0.140869140625 0.82568359375 -3.628048896789551 11.585366249084473 -10.213415145874023
-0.671875 0.366943359375 0.5732421875 -3.7195122241973877 6.615853786468506 29.024391174316406
-0.549560546875 0.689697265625 0.66455078125 -4.847560882568359 17.80487823486328 -5.396341800689697
-0.9091796875 -0.297607421875 0.83251953125 -34.024391174316406 6.341463565826416 15.42682933807373
-0.498046875 0.675537109375 0.5634765625 19.05487823486328 -9.02439022064209 -17.68292808532715
-0.85791015625 -0.10986328125 0.877197265625 15.792683601379395 4.481707572937012 -11.859756469726563
-0.645263671875 0.53759765625 0.454345703125 -9.603658676147461 -9.054878234863281 34.024391174316406
-0.982666015625 -0.430419921875 0.77490234375 -0.21341463923454285 21.707317352294922 -24.390243530273438
-0.531982421875 0.70458984375 0.594970703125 -1.4024391174316406 11.067073822021484 4.512195110321045
-0.923095703125 -0.368896484375 0.65283203125 -24.93902587890625 36.25 -1.920731782913208
-0.725341796875 0.63037109375 0.56103515625 9.146341323852539 -10.670731544494629 14.29878044128418
-0.681396484375 0.49462890625 0.58984375 71.70732116699219 -19.390243530273438 -43.01829528808594
-0.799072265625 0.074462890625 0.597412109375 15.121952056884766 3.2317073345184326 61.1280517578125
-0.611572265625 0.677734375 0.614501953125 -38.353660583496094 2.0426828861236572 -48.32317352294922
-0.890869140625 -0.253173828125 0.697265625 -27.164634704589844 -1.432926893234253 31.067073822021484
-0.566162109375 0.955810546875 0.495849609375 10.304878234863281 -17.7439022064209 -33.38414764404297
-0.816650390625 -0.27783203125 0.7236328125 27.012195587158203 5.091463565826416 -13.353658676147461
-0.4931640625 1.2333984375 0.45361328125 -11.463415145874023 -6.646341800689697 -6.067073345184326
