-1.18798828125 0.18359375 1.02099609375
-0.551025390625 0.24609375 0.40234375
-0.93310546875 -0.01513671875 0.0361328125
-0.5498046875 0.325927734375 1.049072265625
0.082763671875 0.946533203125 1.435546875
0.078857421875 0.60693359375 1.453125
-0.222412109375 1.581787109375 1.185546875
-0.64404296875 0.25439453125 0.31005859375
-0.354248046875 0.1162109375 0.62890625
-0.71875 -0.977294921875 0.7353515625
-0.5029296875 0.25634765625 1.175537109375
-0.49609375 1.7177734375 0.690673828125
0.068115234375 0.19970703125 0.38232421875
-0.439208984375 -0.390869140625 1.1171875
-0.288818359375 0.363525390625 1.104248046875
-0.07861328125 0.882080078125 1.445068359375
-0.423583984375 0.365478515625 0.826904296875
-0.966064453125 0.201171875 -0.027099609375
-0.70166015625 0.7099609375 0.4736328125
-0.639892578125 0.709228515625 0.57763671875
-0.672607421875 0.8837890625 0.815673828125
-0.833984375 0.6748046875 0.599365234375
-0.728515625 -0.026123046875 0.54736328125
-0.9501953125 -1.0361328125 0.7783203125
-0.859130859375 0.228271484375 0.78173828125
-0.6015625 0.8505859375 0.4794921875
-0.027587890625 0.587890625 1.048095703125
-0.65625 -0.04052734375 1.234619140625
-0.240478515625 0.6845703125 0.896728515625
-0.108154296875 1.149169921875 0.4287109375
-0.99951171875 -0.40478515625 0.474609375
-0.989501953125 0.170166015625 0.765625
-0.738037109375 0.875244140625 0.506591796875
-0.86669921875 1.0263671875 0.52734375
-0.2705078125 0.86865234375 0.420166015625
-0.826416015625 0.594970703125 0.61279296875
-1.53662109375 -0.23583984375 0.785400390625
-0.904296875 0.29541015625 0.762451171875
-0.658935546875 0.37255859375 0.253662109375
-0.6953125 0.958984375 0.21240234375
-0.730224609375 0.1806640625 0.319580078125
