-0.176025390625 0.104736328125 1.380859375
-0.829345703125 -0.034423828125 0.50439453125
-0.89453125 -0.063232421875 1.07080078125
-0.3935546875 0.416748046875 1.212158203125
-0.698974609375 0.455322265625 0.48779296875
-0.727294921875 -0.065185546875 0.7158203125
-0.630126953125 0.100341796875 0.5966796875
-0.407958984375 1.369873046875 0.676025390625
-0.48095703125 0.878173828125 0.8671875
-0.78955078125 -0.222900390625 0.46142578125
-0.622314453125 0.30419921875 0.82470703125
-0.3271484375 1.277587890625 0.824462890625
-0.652587890625 0.372314453125 0.67626953125
-0.811279296875 -0.35498046875 0.552490234375
-0.70849609375 -0.282470703125 0.769287109375
-0.64892578125 0.136474609375 0.892333984375
-0.49609375 0.815185546875 0.686767578125
-0.370849609375 1.107666015625 0.882080078125
-0.522216796875 0.498046875 0.821044921875
-0.930908203125 -0.34130859375 0.2861328125
-0.85205078125 -0.5068359375 0.431884765625
-0.65576171875 0.3681640625 1.1552734375
-0.538330078125 0.5283203125 0.781005859375
-0.76220703125 -0.371826171875 0.549072265625
-0.9404296875 -0.213134765625 0.624755859375
-0.50927734375 0.974609375 0.9970703125
-0.656494140625 0.5244140625 0.697021484375
-0.93212890625 -0.720947265625 0.26171875
-0.570068359375 0.369140625 0.996826171875
-0.624267578125 0.25244140625 0.787353515625
-0.833984375 -0.820068359375 0.68359375
-0.474853515625 0.339599609375 0.825439453125
-0.38916015625 0.854248046875 1.0458984375
-0.56005859375 -0.118408203125 0.806884765625
-0.77587890625 -0.455322265625 0.948486328125
-0.366943359375 0.30615234375 1.140869140625
-0.42626953125 0.521240234375 0.848388671875
-0.296875 0.5234375 0.679443359375
-0.6591796875 -0.07568359375 0.52685546875
-0.8115234375 0.017333984375 0.69140625
-0.716552734375 0.4365234375 1.366455078125
