-2.44140625E-4 1.56005859375 0.572021484375
-0.411865234375 0.659423828125 0.59716796875
-1.13916015625 0.18310546875 0.29833984375
-1.030029296875 -0.183349609375 0.342041015625
-0.600341796875 -0.27294921875 0.62548828125
-0.876953125 0.099365234375 0.922607421875
-0.28955078125 1.09033203125 0.61083984375
-0.500732421875 0.55615234375 0.70703125
-1.08251953125 -0.123046875 0.7060546875
-0.7373046875 -0.31396484375 0.8525390625
-0.590576171875 1.0712890625 0.7470703125
0.0 1.454833984375 1.00244140625
-0.613037109375 0.513916015625 1.04345703125
-0.13037109375 0.4560546875 0.554931640625
-0.690673828125 -0.486328125 0.63720703125
-0.89599609375 0.443115234375 1.073486328125
0.197998046875 0.40625 1.113037109375
-0.150146484375 0.323974609375 0.733154296875
-0.860595703125 0.08251953125 0.39111328125
-1.278564453125 -0.048583984375 0.6435546875
-0.79833984375 0.27978515625 0.953369140625
0.27001953125 0.319091796875 1.48681640625
-0.548095703125 0.2919921875 0.6884765625
-0.742431640625 -0.0068359375 0.259765625
-1.22021484375 -0.031982421875 0.466796875
0.2919921875 0.691650390625 0.9365234375
-0.58837890625 0.41796875 0.78173828125
-0.798095703125 -0.02392578125 0.75439453125
-1.15087890625 -0.800048828125 0.3525390625
-1.042236328125 -0.247802734375 0.748291015625
-1.11474609375 -0.4384765625 0.35693359375
-0.904052734375 -0.1220703125 0.510009765625
-0.61669921875 0.1201171875 1.185302734375
-0.12353515625 1.114990234375 1.618408203125
-0.180419921875 0.78466796875 1.09375
