0.988037109375 -0.371826171875 0.099609375 -69.75609588623047 76.55487823486328 -17.10365867614746
0.943603515625 -0.297607421875 0.0390625 -44.35975646972656 23.262195587158203 13.963415145874023
0.8642578125 -0.306884765625 -0.064208984375 -93.81097412109375 30.48780632019043 -8.62804889678955
0.760498046875 -0.471435546875 0.046630859375 -85.45732116699219 8.689024925231934 -17.2560977935791
0.81787109375 -0.690185546875 0.163330078125 -41.92073440551758 16.768293380737305 16.707317352294922
0.782470703125 -0.56103515625 -0.030029296875 -86.82926940917969 38.38414764404297 2.5609755516052246
0.888916015625 -0.673095703125 0.0341796875 -60.67073440551758 11.890244483947754 -19.390243530273438
0.97998046875 -0.635986328125 0.079345703125 14.512195587158203 -15.030488014221191 -3.841463565826416
0.907470703125 -0.52880859375 -0.057861328125 10.945121765136719 -3.3841464519500732 -0.21341463923454285
0.8974609375 -0.552734375 -0.05078125 27.59146499633789 -8.170731544494629 -0.7621951103210449
1.0185546875 -0.42724609375 0.0576171875 46.7378044128418 -13.841464042663574 -2.865853786468506
0.962158203125 -0.364501953125 -0.01953125 -1.7987805604934692 13.04878044128418 -16.158536911010742
0.98486328125 -0.352783203125 -0.406005859375 104.14634704589844 -15.792683601379395 -59.26829528808594
0.87353515625 -0.632080078125 -0.330078125 174.81707763671875 -126.92073822021484 -50.42683029174805
1.095458984375 -0.48974609375 0.04736328125 238.6280517578125 -73.10975646972656 115.03048706054688
0.838623046875 -0.742431640625 0.08984375 92.62195587158203 79.4817123413086 129.0548858642578
0.56201171875 -0.876708984375 0.22216796875 42.0121955871582 82.01219940185547 159.0853729248047
0.245849609375 -0.450927734375 0.157958984375 -42.22561264038086 124.17683410644531 13.353658676147461
0.2333984375 -1.197998046875 0.096435546875 -133.53659057617188 13.719512939453125 -12.743903160095215
0.40625 -0.7763671875 -0.285888671875 -86.09756469726563 -14.84756088256836 -36.280487060546875
0.293212890625 -0.70458984375 -0.468994140625 -88.53659057617188 -64.51219940185547 -193.56707763671875
0.11328125 -1.248779296875 0.106689453125 76.06707763671875 14.207317352294922 -166.4329376220703
0.462646484375 -0.768310546875 -0.4453125 -89.7256088256836 -45.060977935791016 -43.47561264038086
0.854248046875 0.806884765625 -0.68505859375 -36.92073440551758 -31.371952056884766 -104.29878234863281
-0.194580078125 1.194580078125 -0.075927734375 -641.4634399414063 27.560976028442383 -172.98780822753906
1.42529296875 -0.479248046875 0.625732421875 -290.6402587890625 84.66463470458984 213.84146118164063
2.274169921875 -0.96484375 0.093505859375 246.85975646972656 97.13414764404297 312.1036682128906
1.5556640625 -0.649658203125 0.460693359375 -90.18292999267578 144.96951293945313 371.8902587890625
0.669921875 -0.617919921875 0.0908203125 -230.12196350097656 2.3475611209869385 484.6036682128906
0.70166015625 0.489013671875 0.9765625 -2.8353660106658936 -100.67073059082031 369.08538818359375
-0.744873046875 -0.48193359375 0.80810546875 108.56707763671875 51.1280517578125 -90.82317352294922
-1.037109375 1.00390625 -0.206787109375 190.24391174316406 -27.83536720275879 -225.3353729248047
-0.6591796875 -0.499755859375 0.586669921875 -105.24390411376953 -94.57317352294922 -196.6768341064453
-1.017333984375 -0.872314453125 1.3154296875 14.420732498168945 -64.90853881835938 -23.719512939453125
-0.8955078125 -0.50244140625 0.537841796875 39.84756088256836 32.225608825683594 193.506103515625
-0.472900390625 0.573486328125 -0.10888671875 -75.06097412109375 -35.3658561706543 121.34146881103516
-0.243408203125 -0.189453125 0.3505859375 -213.90245056152344 51.1280517578125 -82.19512176513672
-0.264892578125 -0.656005859375 -0.078369140625 -121.79878234863281 190.36585998535156 -251.7987823486328
0.154541015625 -1.237548828125 0.019287109375 -21.524391174316406 50.30487823486328 -292.256103515625
0.719970703125 -1.36669921875 -0.117919921875 123.68902587890625 -47.95731735229492 -207.86585998535156
1.1689453125 -1.2783203125 0.40283203125 -117.04268646240234 -67.1036605834961 -75.91463470458984
0.95751953125 -0.542724609375 0.02734375 10.762195587158203 13.292683601379395 -46.70731735229492
