0.91455078125 -0.164794921875 -0.00439453125 -27.98780632019043 65.54878234863281 -12.743903160095215
0.67138671875 -0.212646484375 -0.084228515625 48.567073822021484 1.1890244483947754 -1.6158536672592163
1.11767578125 -0.20849609375 -0.18212890625 -56.585365295410156 4.481707572937012 13.932927131652832
1.158935546875 -0.2802734375 -0.0693359375 -36.006099700927734 -19.7560977935791 50.274391174316406
0.97802734375 -0.360107421875 0.06689453125 -47.3780517578125 -7.835366249084473 24.7560977935791
1.05419921875 -0.49609375 -0.0888671875 -34.817073822021484 12.286585807800293 -64.23780822753906
1.04443359375 -0.299072265625 -0.133544921875 -15.609756469726563 11.52439022064209 -90.03048706054688
0.95068359375 -0.094970703125 -0.1240234375 -27.408536911010742 5.792683124542236 -16.890243530273438
1.069091796875 0.0771484375 -0.167724609375 -28.292682647705078 -6.890244007110596 21.707317352294922
0.95654296875 0.020751953125 -0.413330078125 40.274391174316406 -10.182927131652832 -11.768293380737305
0.8056640625 -0.39453125 -0.524658203125 32.225608825683594 -48.414634704589844 -23.68902587890625
0.72998046875 -0.658203125 -0.424072265625 72.68292999267578 -95.51829528808594 3.9939024448394775
0.574951171875 -0.646484375 0.118408203125 386.4024353027344 -133.32318115234375 134.2987823486328
0.4794921875 -1.029296875 0.177001953125 106.46341705322266 125.88414764404297 96.37195587158203
0.035400390625 -0.505615234375 0.4775390625 78.41463470458984 140.39634704589844 128.2012176513672
-0.0546875 -1.120849609375 0.50244140625 44.57317352294922 54.17683029174805 55.94512176513672
-0.277099609375 -0.9716796875 0.250732421875 -10.060976028442383 38.75 20.85365867614746
0.5478515625 -0.102294921875 -0.58740234375 -176.7987823486328 2.77439022064209 23.35365867614746
-0.0400390625 -0.983642578125 -0.2763671875 -152.22561645507813 3.3231709003448486 -87.89634704589844
0.6962890625 -1.27587890625 -0.163818359375 21.768293380737305 -12.408536911010742 -204.51220703125
0.588623046875 -0.446533203125 -0.6416015625 5.640244007110596 -81.34146881103516 -74.57317352294922
0.900390625 -0.048583984375 -0.097900390625 30.79268455505371 -53.871952056884766 -50.97561264038086
0.834716796875 0.10498046875 -0.0615234375 47.80487823486328 -86.21951293945313 -114.20732116699219
1.142333984375 0.947998046875 0.089599609375 -241.006103515625 -28.90243911743164 -157.74391174316406
2.520751953125 -0.060791015625 0.50439453125 -757.8658447265625 208.41464233398438 -92.7743911743164
1.837890625 -0.45361328125 0.12353515625 106.55487823486328 114.756103515625 311.4634094238281
0.88720703125 -0.67041015625 0.575927734375 272.6219482421875 79.0243911743164 232.62196350097656
0.7373046875 -0.700927734375 0.044921875 -88.41463470458984 79.51219940185547 267.01220703125
0.243408203125 -0.069091796875 0.652587890625 13.963415145874023 94.81707763671875 389.268310546875
-0.914306640625 0.673583984375 0.289306640625 -223.90245056152344 -3.2317073345184326 449.1768493652344
-0.63818359375 -0.52978515625 0.676513671875 62.19512176513672 -113.506103515625 98.2317123413086
-0.2822265625 0.532470703125 0.378173828125 100.03048706054688 -16.341463088989258 -10.396341323852539
-1.1171875 0.186767578125 0.41796875 148.6280517578125 30.213415145874023 -124.72561645507813
-1.156494140625 0.180908203125 0.302001953125 143.81097412109375 10.640244483947754 -176.61585998535156
-1.019775390625 0.016845703125 0.233154296875 237.9268341064453 -70.64024353027344 -44.32926940917969
-0.35791015625 -0.262939453125 0.521240234375 -118.3536605834961 -20.85365867614746 11.768293380737305
-0.11376953125 -0.06591796875 1.343994140625 -217.3780517578125 -202.62196350097656 -15.579268455505371
-0.611328125 -0.21533203125 0.145751953125 -350.243896484375 -64.08536529541016 -0.5487805008888245
0.1572265625 -0.986083984375 -0.511962890625 -304.4817199707031 79.08536529541016 -13.384146690368652
0.64306640625 -0.484130859375 0.262451171875 -53.353660583496094 143.84146118164063 -167.65245056152344
1.634765625 -0.86474609375 0.098876953125 150.7012176513672 13.62804889678955 -243.14024353027344
0.796142578125 -0.604248046875 0.1171875 40.60975646972656 -56.40243911743164 -199.78659057617188
0.8359375 -0.40283203125 0.027587890625 17.164634704589844 -2.987804889678955 54.35975646972656
0.904052734375 -0.4306640625 0.09130859375 59.05487823486328 -8.932927131652832 -2.195122003555298
0.884765625 -0.4951171875 0.239013671875 13.87195110321045 -10.609756469726563 -10.97560977935791
