0.953125 -0.37451171875 0.019775390625 -49.2378044128418 66.85975646972656 -20.060976028442383
0.826171875 -0.2265625 -0.015625 -3.841463565826416 10.091464042663574 6.128048896789551
0.6826171875 -0.426513671875 -0.086181640625 -88.71951293945313 -0.060975611209869385 32.28658676147461
0.83251953125 -0.47119140625 -0.054931640625 -42.469512939453125 -12.22560977935791 40.57926940917969
0.910888671875 -0.566650390625 -0.0810546875 -30.274391174316406 8.506097793579102 8.384146690368652
0.954833984375 -0.638671875 -0.074951171875 9.634146690368652 -10.060976028442383 -6.493902683258057
0.809814453125 -0.44970703125 -0.069091796875 7.22560977935791 12.987805366516113 -21.95121955871582
0.919921875 -0.4638671875 -0.029296875 25.2439022064209 -5.54878044128418 -59.024391174316406
1.1064453125 -0.300048828125 -0.177001953125 -46.34146499633789 25.85365867614746 -33.10975646972656
1.09033203125 -0.40673828125 -0.159423828125 -7.9268293380737305 -2.2865853309631348 -34.78658676147461
1.00439453125 -0.322998046875 -0.14404296875 14.817073822021484 -21.707317352294922 -3.7804880142211914
0.881103515625 -0.271240234375 -0.11865234375 71.00609588623047 -40.335365295410156 27.83536720275879
1.1328125 -0.0361328125 -0.0029296875 27.59146499633789 -6.006097793579102 26.615854263305664
1.1435546875 -0.192626953125 -0.1181640625 -57.256099700927734 32.13414764404297 -13.140244483947754
0.94189453125 -0.186279296875 -0.20263671875 47.103660583496094 -2.7439024448394775 -56.43292999267578
0.811767578125 -0.444580078125 -0.4189453125 123.04878234863281 -48.38414764404297 -59.93902587890625
0.91162109375 -0.618408203125 -0.630126953125 386.18902587890625 -116.61585998535156 57.68292999267578
0.80029296875 -0.430419921875 0.00439453125 112.16463470458984 61.70731735229492 136.40243530273438
0.386474609375 -0.6083984375 0.28271484375 6.006097793579102 150.85366821289063 90.51829528808594
0.45263671875 -0.938232421875 0.274658203125 5.27439022064209 95.42683410644531 63.78049087524414
0.288818359375 -0.8671875 0.2216796875 -53.658538818359375 31.34146499633789 -12.439024925231934
-0.38232421875 -0.7392578125 -0.102294921875 90.03048706054688 5.182927131652832 2.865853786468506
0.0927734375 -0.885009765625 0.380859375 -15.030488014221191 -6.219512462615967 48.810977935791016
0.0400390625 -1.031982421875 0.3017578125 -21.981708526611328 -6.95121955871582 29.024391174316406
-0.07666015625 -0.89404296875 0.189453125 -24.390243530273438 -24.84756088256836 52.22561264038086
-0.230712890625 -0.854736328125 -0.242431640625 -222.01220703125 2.4390244483947754 -39.63414764404297
0.05908203125 -0.952392578125 -0.5634765625 -7.987804889678955 -97.59146881103516 -46.92073440551758
0.171630859375 -0.110595703125 -0.048583984375 70.9756088256836 -111.67683410644531 -86.9817123413086
0.6591796875 -0.862060546875 -0.4443359375 -44.35975646972656 -156.09756469726563 -169.78659057617188
0.85595703125 -0.7236328125 -0.542236328125 -122.16463470458984 -48.99390411376953 -146.98170471191406
0.644775390625 -0.145751953125 -0.617431640625 -214.8780517578125 55.67073440551758 -112.98780822753906
3.243896484375 0.357666015625 -0.499755859375 -581.5548706054688 66.92073059082031 -58.871952056884766
2.311767578125 -0.143310546875 0.283447265625 63.20122146606445 152.53048706054688 275.45733642578125
1.146484375 -0.55126953125 0.18115234375 81.4024429321289 136.21951293945313 188.8719482421875
0.98876953125 -0.705078125 0.771484375 -47.80487823486328 161.52439880371094 256.4024353027344
0.883056640625 0.056396484375 0.086181640625 -235.79269409179688 58.810977935791016 474.6646423339844
0.2158203125 1.733154296875 1.365478515625 58.23170852661133 -123.38414764404297 278.5365905761719
-0.55810546875 -0.453857421875 0.736083984375 96.34146881103516 5.27439022064209 38.14024353027344
-0.7529296875 0.775390625 0.486328125 72.1036605834961 42.164634704589844 -13.353658676147461
-1.232177734375 -0.762939453125 0.29443359375 16.920732498168945 41.371952056884766 -58.01829528808594
-1.445556640625 0.447021484375 0.369140625 325.45733642578125 -12.743903160095215 -155.03048706054688
-0.582763671875 -1.043701171875 -0.19287109375 193.78048706054688 -103.506103515625 57.28658676147461
-0.13671875 -1.5 0.78369140625 -642.9268188476563 -95.79268646240234 -49.57317352294922
-0.7109375 -0.119140625 1.217529296875 -49.42073440551758 46.03658676147461 139.35975646972656
-0.630126953125 0.001220703125 0.326416015625 6.006097793579102 68.01829528808594 147.86585998535156
-0.447265625 -0.156005859375 0.6689453125 -156.76829528808594 -32.9878044128418 38.90243911743164
-0.350830078125 -0.0927734375 0.30859375 -142.89634704589844 33.38414764404297 -134.5426788330078
-0.193115234375 -0.54833984375 -0.100341796875 -142.16464233398438 146.4329376220703 -278.506103515625
0.60546875 -1.271240234375 -0.22021484375 80.67073059082031 -20.88414764404297 -292.2865905761719
1.255126953125 -1.1767578125 -0.058349609375 120.94512176513672 -103.506103515625 -212.77439880371094
1.036376953125 -0.890380859375 0.419189453125 -141.3719482421875 48.38414764404297 -0.24390244483947754
0.870361328125 -0.330078125 0.01171875 79.66463470458984 -24.7560977935791 -0.27439025044441223
