0.8583984375 -0.377685546875 0.0439453125 -69.42073059082031 50.39634323120117 -36.7378044128418
0.827392578125 -0.249755859375 -0.08544921875 -11.585366249084473 -30.731708526611328 -5.792683124542236
0.909423828125 -0.2490234375 -0.164306640625 -40.30487823486328 -28.109756469726563 17.2560977935791
0.92724609375 -0.5927734375 0.111328125 -74.78659057617188 -2.5304877758026123 10.304878234863281
0.84619140625 -0.457275390625 -0.215087890625 -54.72561264038086 6.920732021331787 11.310976028442383
0.881103515625 -0.5595703125 -0.19970703125 7.530488014221191 -10.42682933807373 -4.207317352294922
1.03857421875 -0.542724609375 -0.344970703125 9.420731544494629 -14.72560977935791 -1.737804889678955
0.958984375 -0.365478515625 -0.257568359375 10.213415145874023 1.1890244483947754 0.4268292784690857
0.974609375 -0.4130859375 -0.085205078125 41.432926177978516 5.304878234863281 -1.1280487775802612
1.019287109375 -0.4072265625 -0.18505859375 26.09756088256836 27.13414764404297 -8.20121955871582
0.96826171875 -0.299072265625 -0.1630859375 7.682927131652832 9.420731544494629 -19.573171615600586
0.83349609375 -0.336181640625 -0.32763671875 56.28049087524414 -19.84756088256836 -42.5
0.997802734375 -0.56005859375 -0.3955078125 265.7317199707031 -120.1524429321289 45.54878234863281
0.66162109375 -0.601318359375 0.11376953125 6.6768293380737305 -19.237804412841797 151.7987823486328
0.65185546875 -1.120361328125 0.48681640625 -12.682927131652832 68.93292999267578 200.03048706054688
0.4150390625 -0.44287109375 -0.2900390625 25.975610733032227 5.5182929039001465 123.29268646240234
0.094482421875 -0.865234375 -0.341064453125 -64.66463470458984 -31.859756469726563 -32.5
-0.38818359375 -1.17236328125 -0.44482421875 -130.8841552734375 93.07926940917969 -98.71951293945313
0.171875 -0.75634765625 -0.689208984375 117.5 -38.658538818359375 -163.99391174316406
0.834716796875 -0.634521484375 -0.13232421875 58.44512176513672 -130.09146118164063 -117.28659057617188
0.38818359375 -0.677001953125 -0.207763671875 29.878049850463867 -18.475610733032227 -3.628048896789551
0.747802734375 -0.63818359375 -0.346923828125 35.975608825683594 -26.067073822021484 -35.79268264770508
0.804443359375 -0.51806640625 0.009765625 70.60975646972656 -41.40243911743164 -70.82317352294922
0.92333984375 0.876953125 -0.8525390625 -285.8841552734375 4.1768293380737305 -157.77439880371094
1.083984375 0.229736328125 -0.4609375 -585.7317504882813 105.2743911743164 21.58536720275879
2.033203125 -0.57177734375 0.439453125 29.908536911010742 48.32317352294922 297.1341552734375
1.606201171875 -0.4013671875 0.32275390625 226.21951293945313 72.74390411376953 239.3292694091797
0.90625 -0.315673828125 1.01123046875 -14.02439022064209 116.70732116699219 226.49391174316406
0.466796875 -0.844482421875 0.206298828125 -133.9329376220703 101.9817123413086 336.82928466796875
-0.075439453125 -0.65869140625 0.30029296875 -191.52439880371094 -109.29878234863281 412.3780517578125
-0.356201171875 1.241943359375 1.203857421875 -21.981708526611328 -125.8536605834961 54.84756088256836
-0.58544921875 0.460205078125 0.841796875 22.926830291748047 -43.414634704589844 66.89024353027344
-0.540283203125 0.33154296875 0.3955078125 138.44512939453125 4.908536911010742 -50.79268264770508
-1.012939453125 0.818115234375 0.396240234375 99.17683410644531 -29.664634704589844 -107.7743911743164
-0.5791015625 0.429931640625 0.590576171875 -8.140244483947754 -106.73780822753906 -81.18902587890625
-0.3388671875 0.31884765625 0.304931640625 -47.256099700927734 -213.71951293945313 -110.45732116699219
-0.6201171875 0.226318359375 0.838134765625 -80.39634704589844 56.585365295410156 87.98780822753906
-0.674072265625 -0.351318359375 1.00341796875 -77.62195587158203 93.59756469726563 94.90853881835938
-0.78564453125 -0.181884765625 0.359130859375 -190.6707305908203 59.54268264770508 53.658538818359375
-0.499267578125 -0.381103515625 0.1240234375 -180.64024353027344 86.70732116699219 -92.6524429321289
-0.3857421875 -0.788818359375 -0.29443359375 -23.658536911010742 121.9817123413086 -194.54269409179688
-0.019775390625 -1.02880859375 -0.054443359375 143.0792694091797 25.85365867614746 -213.99391174316406
0.57177734375 -0.410888671875 0.21142578125 75.88414764404297 -2.9573171138763428 -189.3292694091797
0.992431640625 -0.759521484375 0.163818359375 -23.68902587890625 -24.207317352294922 -147.07318115234375
1.19140625 -0.630615234375 0.442138671875 69.4817123413086 -5.121951103210449 -41.40243911743164
