YEAR,SCREENING,TREATMENT,FOLLOWUP,cRAISINGBLINDCHILD,PLBLIND,PLCAREGIVER,QALY Blind,QALY Normal,Discount,SCREENING,TREATMENT,FOLLOWUP,cRAISINGBLINDCHILD,PLBLIND,PLCAREGIVER,TOTAL COST,QALY Blind,QALY Normal
1,50,100,20,100,0,20,0.5,2,0.970873786407767,48.54368932038835,97.0873786407767,19.41747572815534,97.0873786407767,0,19.41747572815534,281.55339805825247,0.4854368932038835,1.941747572815534
2,0,0,20,100,0,20,0.5,2,0.9425959091337544,0,0,18.851918182675085,94.25959091337543,0,18.851918182675085,131.96342727872562,0.4712979545668772,1.8851918182675087
3,0,0,20,100,0,20,0.5,2,0.9151416593531595,0,0,18.30283318706319,91.51416593531594,0,18.30283318706319,128.11983230944233,0.45757082967657975,1.830283318706319
4,0,0,20,100,0,20,0.5,2,0.8884870479156888,0,0,17.769740958313776,88.84870479156888,0,17.769740958313776,124.38818670819643,0.4442435239578444,1.7769740958313776
5,0,0,20,100,0,20,0.5,2,0.8626087843841639,0,0,17.252175687683277,86.26087843841638,0,17.252175687683277,120.76522981378294,0.43130439219208194,1.7252175687683278
6,0,0,0,100,0,20,0.5,2,0.8374842566836542,0,0,0,83.74842566836543,0,16.749685133673083,100.49811080203851,0.4187421283418271,1.6749685133673085
7,0,0,0,100,0,20,0.5,2,0.8130915113433536,0,0,0,81.30915113433535,0,16.261830226867072,97.57098136120243,0.4065457556716768,1.6261830226867071
8,0,0,0,100,0,20,0.5,2,0.7894092343139355,0,0,0,78.94092343139356,0,15.78818468627871,94.72910811767227,0.39470461715696775,1.578818468627871
9,0,0,0,100,0,20,0.5,2,0.7664167323436267,0,0,0,76.64167323436267,0,15.328334646872534,91.9700078812352,0.38320836617181336,1.5328334646872535
10,0,0,0,100,0,20,0.5,2,0.7440939148967249,0,0,0,74.40939148967249,0,14.881878297934499,89.29126978760698,0.37204695744836247,1.4881878297934499
11,0,0,0,100,0,20,0.5,2,0.7224212765987621,0,0,0,72.2421276598762,0,14.448425531975243,86.69055319185145,0.36121063829938105,1.4448425531975242
12,0,0,0,100,0,20,0.5,2,0.7013798801929729,0,0,0,70.1379880192973,0,14.027597603859459,84.16558562315676,0.35068994009648646,1.4027597603859459
13,0,0,0,100,0,20,0.5,2,0.6809513399931776,0,0,0,68.09513399931775,0,13.619026799863551,81.7141607991813,0.3404756699965888,1.3619026799863552
14,0,0,0,100,0,20,0.5,2,0.661117805818619,0,0,0,66.11178058186191,0,13.22235611637238,79.33413669823429,0.3305589029093095,1.322235611637238
15,0,0,0,100,0,20,0.5,2,0.6418619473967174,0,0,0,64.18619473967175,0,12.837238947934349,77.0234336876061,0.3209309736983587,1.2837238947934348
16,0,0,0,100,0,20,0.5,2,0.623166939220114,0,0,0,62.3166939220114,0,12.46333878440228,74.78003270641368,0.311583469610057,1.246333878440228
17,0,0,0,100,0,20,0.5,2,0.6050164458447709,0,0,0,60.50164458447709,0,12.100328916895418,72.60197350137251,0.30250822292238544,1.2100328916895418
18,0,0,0,100,0,20,0.5,2,0.5873946076162824,0,0,0,58.73946076162824,0,11.747892152325647,70.48735291395388,0.2936973038081412,1.1747892152325647
19,0,0,0,100,0,20,0.5,2,0.5702860268119246,0,0,0,57.02860268119247,0,11.405720536238492,68.43432321743096,0.2851430134059623,1.1405720536238493
20,0,0,0,100,0,20,0.5,2,0.5536757541863346,0,0,0,55.367575418633464,0,11.073515083726694,66.44109050236015,0.2768378770931673,1.1073515083726693
21,0,0,0,100,0,20,0.5,2,0.5375492759090628,0,0,0,53.75492759090628,0,10.750985518181256,64.50591310908753,0.2687746379545314,1.0750985518181255
22,0,0,0,100,0,20,0.5,2,0.5218925008825852,0,0,0,52.18925008825852,0,10.437850017651705,62.62710010591022,0.2609462504412926,1.0437850017651704
23,0,0,0,100,0,20,0.5,2,0.5066917484296943,0,0,0,50.66917484296943,0,10.133834968593886,60.80300981156332,0.25334587421484717,1.0133834968593887
24,0,0,0,100,0,20,0.5,2,0.49193373633950904,0,0,0,49.193373633950905,0,9.838674726790181,59.032048360741086,0.24596686816975452,0.9838674726790181
25,0,0,0,100,0,20,0.5,2,0.47760556926165926,0,0,0,47.760556926165926,0,9.552111385233186,57.31266831139911,0.23880278463082963,0.9552111385233185
26,0,0,0,100,0,20,0.5,2,0.4636947274385041,0,0,0,46.36947274385041,0,9.273894548770082,55.64336729262049,0.23184736371925205,0.9273894548770082
27,0,0,0,100,0,20,0.5,2,0.45018905576553797,0,0,0,45.0189055765538,0,9.00378111531076,54.02268669186456,0.22509452788276899,0.9003781115310759
28,0,0,0,100,0,20,0.5,2,0.4370767531704252,0,0,0,43.70767531704252,0,8.741535063408504,52.44921038045103,0.2185383765852126,0.8741535063408504
29,0,0,0,100,0,20,0.5,2,0.4243463623013837,0,0,0,42.434636230138366,0,8.486927246027673,50.92156347616604,0.21217318115069184,0.8486927246027673
30,0,0,0,100,0,20,0.5,2,0.41198675951590646,0,0,0,41.198675951590644,0,8.239735190318129,49.43841114190877,0.20599337975795323,0.8239735190318129
31,0,0,0,100,0,20,0.5,2,0.39998714516107425,0,0,0,39.99871451610743,0,7.999742903221485,47.998457419328915,0.19999357258053713,0.7999742903221485
32,0,0,0,100,0,20,0.5,2,0.3883370341369653,0,0,0,38.83370341369653,0,7.7667406827393055,46.60044409643584,0.19416851706848265,0.7766740682739306
33,0,0,0,100,0,20,0.5,2,0.37702624673491775,0,0,0,37.702624673491776,0,7.540524934698355,45.24314960819013,0.18851312336745887,0.7540524934698355
34,0,0,0,100,0,20,0.5,2,0.3660448997426386,0,0,0,36.604489974263856,0,7.320897994852772,43.92538796911663,0.1830224498713193,0.7320897994852772
35,0,0,0,100,4000,20,0.5,2,0.35538339780838696,0,0,0,35.5383397808387,1421.533591233548,7.107667956167739,1464.1795989705543,0.17769169890419348,0.7107667956167739
36,0,0,0,0,4000,20,0.5,2,0.34503242505668635,0,0,0,0,1380.1297002267454,6.900648501133727,1387.030348727879,0.17251621252834318,0.6900648501133727
37,0,0,0,0,4000,20,0.5,2,0.33498293694823916,0,0,0,0,1339.9317477929567,6.699658738964783,1346.6314065319214,0.16749146847411958,0.6699658738964783
38,0,0,0,0,4000,20,0.5,2,0.3252261523769312,0,0,0,0,1300.904609507725,6.504523047538624,1307.4091325552636,0.1626130761884656,0.6504523047538624
39,0,0,0,0,4000,20,0.5,2,0.31575354599702055,0,0,0,0,1263.014183988082,6.3150709199404105,1269.3292549080224,0.15787677299851027,0.6315070919940411
40,0,0,0,0,4000,20,0.5,2,0.30655684077380635,0,0,0,0,1226.2273630952254,6.131136815476127,1232.3584999107015,0.15327842038690317,0.6131136815476127
41,0,0,0,0,4000,0,0.5,2,0.2976280007512683,0,0,0,0,1190.512003005073,0,1190.512003005073,0.14881400037563414,0.5952560015025365
42,0,0,0,0,4000,0,0.5,2,0.28895922403035756,0,0,0,0,1155.8368961214303,0,1155.8368961214303,0.14447961201517878,0.5779184480607151
43,0,0,0,0,4000,0,0.5,2,0.28054293595180346,0,0,0,0,1122.171743807214,0,1122.171743807214,0.14027146797590173,0.5610858719036069
44,0,0,0,0,4000,0,0.5,2,0.27237178247747906,0,0,0,0,1089.4871299099163,0,1089.4871299099163,0.13618589123873953,0.5447435649549581
45,0,0,0,0,4000,0,0.5,2,0.26443862376454275,0,0,0,0,1057.754495058171,0,1057.754495058171,0.13221931188227137,0.5288772475290855
46,0,0,0,0,4000,0,0.5,2,0.2567365279267405,0,0,0,0,1026.946111706962,0,1026.946111706962,0.12836826396337025,0.513473055853481
47,0,0,0,0,4000,0,0.5,2,0.24925876497741797,0,0,0,0,997.0350599096719,0,997.0350599096719,0.12462938248870899,0.49851752995483595
48,0,0,0,0,4000,0,0.5,2,0.2419988009489495,0,0,0,0,967.9952037957979,0,967.9952037957979,0.12099940047447474,0.483997601897899
49,0,0,0,0,4000,0,0.5,2,0.2349502921834461,0,0,0,0,939.8011687337844,0,939.8011687337844,0.11747514609172305,0.4699005843668922
50,0,0,0,0,4000,0,0.5,2,0.22810707978975348,0,0,0,0,912.4283191590139,0,912.4283191590139,0.11405353989487674,0.45621415957950695
51,0,0,0,0,4000,0,0.5,2,0.22146318426189657,0,0,0,0,885.8527370475863,0,885.8527370475863,0.11073159213094828,0.44292636852379313
52,0,0,0,0,4000,0,0.5,2,0.2150128002542685,0,0,0,0,860.051201017074,0,860.051201017074,0.10750640012713425,0.430025600508537
53,0,0,0,0,4000,0,0.5,2,0.20875029150899854,0,0,0,0,835.0011660359942,0,835.0011660359942,0.10437514575449927,0.4175005830179971
54,0,0,0,0,4000,0,0.5,2,0.20267018593106653,0,0,0,0,810.6807437242661,0,810.6807437242661,0.10133509296553327,0.40534037186213306
55,0,0,0,0,4000,0,0.5,2,0.1967671708068607,0,0,0,0,787.0686832274429,0,787.0686832274429,0.09838358540343035,0.3935343416137214
56,0,0,0,0,0,0,0.5,2,0.19103608816200068,0,0,0,0,0,0,0,0.09551804408100034,0.38207217632400137
57,0,0,0,0,0,0,0.5,2,0.1854719302543696,0,0,0,0,0,0,0,0.0927359651271848,0.3709438605087392
58,0,0,0,0,0,0,0.5,2,0.18006983519841707,0,0,0,0,0,0,0,0.09003491759920854,0.36013967039683414
59,0,0,0,0,0,0,0.5,2,0.17482508271690977,0,0,0,0,0,0,0,0.08741254135845489,0.34965016543381955
60,0,0,0,0,0,0,0.5,2,0.16973309001641726,0,0,0,0,0,0,0,0.08486654500820863,0.3394661800328345
61,0,0,0,0,0,0,0.5,2,0.1647894077829294,0,0,0,0,0,0,0,0.0823947038914647,0.3295788155658588
62,0,0,0,0,0,0,0.5,2,0.1599897162941062,0,0,0,0,0,0,0,0.0799948581470531,0.3199794325882124
63,0,0,0,0,0,0,0.5,2,0.15532982164476328,0,0,0,0,0,0,0,0.07766491082238164,0.31065964328952655
64,0,0,0,0,0,0,0.5,2,0.15080565208229443,0,0,0,0,0,0,0,0.07540282604114722,0.30161130416458887
65,0,0,0,0,0,0,0.5,2,0.14641325444882955,0,0,0,0,0,0,0,0.07320662722441477,0.2928265088976591
66,0,0,0,0,0,0,0.5,2,0.14214879072701897,0,0,0,0,0,0,0,0.07107439536350948,0.28429758145403794
67,0,0,0,0,0,0,0.5,2,0.13800853468642618,0,0,0,0,0,0,0,0.06900426734321309,0.27601706937285236
68,0,0,0,0,0,0,0.5,2,0.13398886862759823,0,0,0,0,0,0,0,0.06699443431379912,0.26797773725519647
69,0,0,0,0,0,0,0.5,2,0.13008628022096916,0,0,0,0,0,0,0,0.06504314011048458,0.2601725604419383
70,0,0,0,0,0,0,0.5,2,0.12629735943783413,0,0,0,0,0,0,0,0.06314867971891706,0.25259471887566826
71,0,0,0,0,0,0,0.5,2,0.12261879557071274,0,0,0,0,0,0,0,0.06130939778535637,0.2452375911414255
72,0,0,0,0,0,0,0.5,2,0.11904737434049781,0,0,0,0,0,0,0,0.059523687170248904,0.23809474868099562
73,0,0,0,0,0,0,0.5,2,0.11557997508786194,0,0,0,0,0,0,0,0.05778998754393097,0.23115995017572388
74,0,0,0,0,0,0,0.5,2,0.1122135680464679,0,0,0,0,0,0,0,0.05610678402323395,0.2244271360929358
