0.405029296875 -1.0791015625 0.075439453125 -81.95121765136719 54.48170852661133 -50.82317352294922
0.945068359375 -1.424560546875 -0.230224609375 -15.884146690368652 -19.420732498168945 0.4573170840740204
0.918212890625 -0.89990234375 -0.046630859375 104.32926940917969 -72.92683410644531 67.46951293945313
0.627197265625 -0.56689453125 0.024169921875 70.91463470458984 -29.93902587890625 101.34146881103516
0.59228515625 -0.5166015625 0.052001953125 51.524391174316406 -13.231707572937012 51.7378044128418
0.657958984375 -0.509521484375 0.19140625 -10.182927131652832 4.29878044128418 -67.62195587158203
0.745361328125 -0.355712890625 0.307373046875 -9.359756469726563 -28.84146499633789 -147.9268341064453
1.137939453125 -0.37158203125 0.29248046875 -37.835365295410156 -1.6463415622711182 -203.2012176513672
1.047607421875 -0.64697265625 0.18212890625 -40.121952056884766 13.932927131652832 -101.4024429321289
1.063232421875 -0.646728515625 0.173828125 -12.37804889678955 -11.036585807800293 -17.34756088256836
1.198486328125 -0.6572265625 0.147216796875 -3.2317073345184326 -15.609756469726563 91.09756469726563
1.339599609375 -0.455078125 0.00146484375 103.20122528076172 -15.182927131652832 152.34756469726563
1.026611328125 -0.370849609375 -0.015869140625 47.713417053222656 -1.8292683362960815 151.73780822753906
0.812744140625 -0.320556640625 0.0888671875 58.99390411376953 8.170731544494629 96.31097412109375
0.599609375 -0.295166015625 0.220703125 -1.920731782913208 -11.463415145874023 -26.920732498168945
0.822998046875 -0.373046875 0.44091796875 10.518293380737305 -40.30487823486328 -125.1524429321289
0.8427734375 -0.283203125 0.490478515625 -2.012195110321045 -2.378048896789551 -136.15853881835938
0.892578125 -0.507568359375 0.387451171875 -45.70122146606445 -3.47560977935791 -98.38414764404297
1.056396484375 -0.650146484375 0.291015625 -34.57316970825195 -5.030488014221191 -53.38414764404297
1.018798828125 -0.607177734375 0.225341796875 11.707317352294922 -24.45121955871582 46.463417053222656
1.314208984375 -0.389892578125 0.159912109375 88.26219940185547 -10.091464042663574 91.58536529541016
0.957275390625 -0.31298828125 0.15234375 -19.63414764404297 -7.652439117431641 146.28048706054688
0.7373046875 -0.250244140625 0.162109375 17.530488967895508 1.5243902206420898 94.66463470458984
0.831787109375 -0.305908203125 0.338134765625 -10.731707572937012 6.280488014221191 -35.73170852661133
0.960693359375 -0.5146484375 0.3056640625 -77.31707763671875 25.70121955871582 -81.06707763671875
0.70703125 -0.48828125 0.231689453125 -65.18292999267578 54.42073440551758 -41.524391174316406
0.671875 -0.6328125 0.06298828125 -104.32926940917969 51.70731735229492 -58.871952056884766
0.87255859375 -0.9267578125 -0.139404296875 42.621952056884766 10.213415145874023 -51.067073822021484
0.95068359375 -0.864013671875 0.0029296875 17.713415145874023 -38.07926940917969 5.70121955871582
1.11083984375 -0.65478515625 -0.05322265625 100.18292999267578 -46.70731735229492 41.82926940917969
0.88134765625 -0.469970703125 -0.05126953125 51.18902587890625 -53.78049087524414 100.18292999267578
0.81787109375 -0.37353515625 0.014404296875 48.414634704589844 -36.6158561706543 85.1524429321289
0.84375 -0.334228515625 0.0849609375 6.8597564697265625 -23.658536911010742 -2.77439022064209
0.734619140625 -0.51953125 0.238525390625 3.9024391174316406 -16.585365295410156 -68.32317352294922
0.823974609375 -0.4580078125 0.212890625 -7.713414669036865 10.060976028442383 -59.969512939453125
0.80810546875 -0.5654296875 0.17626953125 -14.603658676147461 12.92682933807373 -81.73780822753906
0.89208984375 -0.71337890625 -0.0146484375 -18.475610733032227 -4.45121955871582 -60.3658561706543
1.27734375 -0.740966796875 -0.114501953125 50.7621955871582 -20.94512176513672 9.054878234863281
1.057861328125 -0.4951171875 -0.072265625 109.05487823486328 -62.8658561706543 55.88414764404297
0.97216796875 -0.43310546875 -0.168701171875 72.04268646240234 -3.9634146690368652 77.95732116699219
0.90576171875 -0.323974609375 -0.191650390625 39.817073822021484 -17.408536911010742 100.76219940185547
1.03271484375 -0.233642578125 -0.09228515625 76.03659057617188 -5.487804889678955 8.506097793579102
0.698486328125 -0.347900390625 0.374267578125 45.335365295410156 -42.9878044128418 -61.85975646972656
1.104736328125 -0.329345703125 0.325439453125 9.17682933807373 -28.414634704589844 -35.7621955871582
0.733642578125 -0.34814453125 0.198974609375 10.640244483947754 -31.310976028442383 -70.64024353027344
0.8134765625 -0.384033203125 0.241455078125 14.84756088256836 -39.63414764404297 -72.25609588623047
1.30419921875 -0.4638671875 0.245361328125 -15.457317352294922 -2.4390244483947754 -23.44512176513672
0.78955078125 -0.43505859375 0.1064453125 2.8353660106658936 19.78658676147461 83.14024353027344
1.174560546875 -0.291015625 0.07958984375 143.44512939453125 30.457317352294922 39.57317352294922
1.022216796875 -0.244140625 0.040771484375 -0.15243902802467346 53.414634704589844 85.30487823486328
0.82666015625 -0.228759765625 -0.0146484375 14.29878044128418 7.1646342277526855 83.07926940917969
0.902099609375 -0.102783203125 0.223388671875 37.34756088256836 -21.64634132385254 -35.030487060546875
0.80810546875 -0.195556640625 0.467041015625 -107.01219940185547 -4.481707572937012 -66.03659057617188
1.191162109375 -0.25537109375 0.14208984375 -89.96951293945313 40.64024353027344 -71.6463394165039
0.876708984375 -0.403076171875 0.01953125 -129.6341552734375 23.231708526611328 -133.47561645507813
0.978759765625 -0.767578125 0.04150390625 -16.0060977935791 -1.1280487775802612 -116.89024353027344
1.1279296875 -0.699951171875 0.25927734375 9.939024925231934 -34.05487823486328 51.463417053222656
1.089111328125 -0.471923828125 0.225830078125 70.79268646240234 -9.72560977935791 155.39634704589844
1.4755859375 -0.24658203125 0.0615234375 144.39024353027344 45.88414764404297 128.44512939453125
0.81005859375 -0.201416015625 0.004150390625 -17.83536720275879 58.17073440551758 74.0243911743164
