0.67138671875 -0.524658203125 0.40966796875
0.91162109375 -0.29443359375 0.260009765625
0.66455078125 -0.276123046875 0.1826171875
0.6142578125 -0.343017578125 0.272705078125
1.392578125 -0.552490234375 0.138671875
1.134033203125 -0.582763671875 0.154052734375
0.899169921875 -0.232177734375 0.128662109375
0.69775390625 -0.202880859375 0.002685546875
0.786376953125 -0.327392578125 0.021484375
1.228271484375 -0.4580078125 0.10595703125
1.11865234375 -0.4404296875 0.23779296875
0.551025390625 -0.346435546875 0.199951171875
0.75927734375 -0.543212890625 0.144775390625
1.331787109375 -0.589599609375 0.07421875
1.279052734375 -0.796630859375 -0.1787109375
1.031982421875 -0.640869140625 -0.1220703125
0.911376953125 -0.575927734375 -0.051513671875
0.80224609375 -0.7333984375 -0.08349609375
0.813232421875 -0.70068359375 0.259033203125
0.339111328125 -0.442626953125 0.477294921875
0.219970703125 -0.73046875 0.394287109375
0.64990234375 -0.927001953125 0.300537109375
0.660888671875 -0.870849609375 0.385009765625
0.633544921875 -0.914306640625 -0.038330078125
0.334716796875 -0.782470703125 0.0712890625
0.492431640625 -0.7294921875 -0.104248046875
0.619873046875 -0.6181640625 -0.46044921875
0.4931640625 -0.702392578125 -1.023681640625
0.241943359375 -0.560546875 -0.74169921875
0.293212890625 -0.57470703125 -0.6103515625
0.46728515625 -0.57666015625 -0.63037109375
0.526123046875 -0.56201171875 -0.8837890625
0.4912109375 -0.679931640625 -0.471435546875
0.5166015625 -0.74951171875 -0.35498046875
0.68798828125 -0.640869140625 -0.29443359375
0.92431640625 -0.663330078125 -0.519287109375
0.7421875 -0.682373046875 -0.274169921875
0.463623046875 -0.59228515625 -0.254150390625
0.473876953125 -0.7236328125 -0.26513671875
0.601318359375 -0.806640625 -0.235107421875
0.961669921875 -0.932861328125 -0.392578125
