-0.222412109375 0.165283203125 1.002197265625 -61.89024353027344 70.8536605834961 -20.274391174316406
-0.24169921875 0.187255859375 1.0625 1.0060975551605225 4.1768293380737305 -12.713415145874023
-0.327880859375 0.12939453125 0.951171875 18.93292808532715 12.012195587158203 -20.579269409179688
-0.34716796875 0.172119140625 0.838134765625 -12.896341323852539 28.109756469726563 7.195122241973877
-0.295654296875 0.273193359375 0.92236328125 -6.554878234863281 0.5182926654815674 12.134146690368652
-0.2841796875 0.187744140625 0.95703125 -1.8902440071105957 -3.0182926654815674 -1.0060975551605225
-0.28076171875 0.09814453125 0.996826171875 -20.85365867614746 -1.3719512224197388 -13.993903160095215
-0.306640625 -0.017333984375 0.93017578125 -15.487805366516113 4.72560977935791 -14.817073822021484
-0.243408203125 -0.11474609375 0.836669921875 -13.20121955871582 15.030488014221191 8.506097793579102
-0.286865234375 -0.122314453125 0.71630859375 -13.414634704589844 18.719512939453125 1.9817073345184326
-0.22900390625 -0.64111328125 0.2685546875 -53.32317352294922 -28.14024543762207 -20.731708526611328
0.120849609375 -0.8916015625 0.2802734375 -215.64024353027344 -87.3780517578125 -55.73170852661133
0.937744140625 -1.00732421875 0.42578125 -172.74391174316406 -142.74391174316406 -98.17073059082031
1.45263671875 -0.747314453125 0.395751953125 -57.469512939453125 -151.4634246826172 -147.22561645507813
0.899658203125 -0.16796875 0.3544921875 146.4634246826172 -76.31097412109375 -144.14634704589844
0.803466796875 -0.441162109375 0.280517578125 131.76829528808594 -50.51829528808594 1.6768293380737305
0.852294921875 -0.35107421875 0.1103515625 46.89024353027344 -31.128049850463867 -10.457317352294922
0.899169921875 -0.403564453125 0.00439453125 81.15853881835938 1.3414634466171265 -16.371952056884766
1.180908203125 -0.67138671875 0.08447265625 4.908536911010742 -3.079268455505371 29.481708526611328
1.2314453125 -0.205078125 0.12939453125 94.42073059082031 -5.945122241973877 35.030487060546875
0.9111328125 -0.25439453125 0.092041015625 72.19512176513672 59.664634704589844 124.90853881835938
0.763671875 -0.134033203125 0.193603515625 18.262195587158203 33.32316970825195 120.09146881103516
0.72998046875 -0.029052734375 0.2177734375 32.19512176513672 18.109756469726563 59.32926940917969
1.4580078125 -0.3154296875 0.3125 -23.780488967895508 -9.420731544494629 -89.63414764404297
1.299560546875 -0.1796875 0.005859375 -68.81097412109375 -65.06097412109375 -245.5487823486328
0.73095703125 -0.51220703125 -0.068359375 -189.02439880371094 26.89024543762207 -91.92073059082031
0.576416015625 -0.629150390625 0.11279296875 -218.2012176513672 64.1463394165039 -61.524391174316406
1.4619140625 -0.8076171875 0.25537109375 -134.756103515625 1.6463415622711182 -96.28048706054688
1.55029296875 -0.254638671875 0.413330078125 51.49390411376953 -41.09756088256836 -5.792683124542236
1.007080078125 -0.101806640625 0.336669921875 68.81097412109375 -9.17682933807373 167.6829376220703
0.666259765625 -0.073486328125 0.241455078125 17.317073822021484 30.94512176513672 160.5487823486328
0.698974609375 -0.09912109375 0.122802734375 21.09756088256836 26.829269409179688 68.93292999267578
1.62744140625 -0.65234375 0.392578125 -74.54268646240234 20.213415145874023 -106.03659057617188
0.9208984375 -0.070556640625 0.0810546875 -51.82926940917969 -20.30487823486328 -251.85975646972656
0.637939453125 -0.567138671875 0.0078125 -137.10366821289063 25.213415145874023 -28.079269409179688
0.821044921875 -0.7802734375 0.25927734375 -179.2987823486328 54.69512176513672 -45.121952056884766
1.41748046875 -0.4990234375 0.26611328125 30.09146499633789 -39.57317352294922 -92.34756469726563
1.59716796875 -0.295166015625 0.037109375 68.56707763671875 -17.865854263305664 78.6280517578125
0.990234375 -0.19140625 0.098876953125 127.56098175048828 6.371951580047607 137.19512939453125
0.73681640625 -0.2548828125 -0.0419921875 27.164634704589844 26.128049850463867 163.65853881835938
0.55908203125 -0.49462890625 0.050048828125 -21.067073822021484 29.481708526611328 111.55487823486328
0.62060546875 -0.90576171875 0.097412109375 -47.530487060546875 15.396342277526855 -31.40243911743164
0.73828125 -0.7685546875 0.096435546875 -110.51829528808594 15.609756469726563 -89.08536529541016
0.614013671875 -0.60546875 0.1064453125 -4.054878234863281 -7.5 -80.88414764404297
0.758544921875 -0.7421875 0.170654296875 -37.13414764404297 9.969511985778809 -60.15243911743164
1.38134765625 -0.580322265625 0.0166015625 27.34756088256836 7.896341800689697 -83.26219940185547
1.041259765625 -0.50439453125 0.07861328125 33.01829528808594 22.80487823486328 -32.408538818359375
0.74609375 -0.221923828125 0.086669921875 107.2256088256836 -6.920732021331787 50.09146499633789
0.752685546875 -0.350830078125 0.066162109375 78.71951293945313 28.414634704589844 78.65853881835938
1.02294921875 -0.37353515625 0.175048828125 23.20121955871582 4.45121955871582 50.54878234863281
0.825927734375 -0.618896484375 0.42724609375 -4.115853786468506 -7.896341800689697 -1.6768293380737305
0.743408203125 -0.4404296875 0.435302734375 -1.25 -25.70121955871582 -15.213415145874023
0.275634765625 -0.3857421875 0.278564453125 23.53658676147461 -5.54878044128418 42.621952056884766
0.5126953125 -0.46484375 0.038330078125 -0.8536585569381714 -17.926830291748047 14.359756469726563
1.16357421875 -0.741943359375 -0.216552734375 -68.10975646972656 -37.19512176513672 -12.591464042663574
1.018310546875 -0.285400390625 -0.269287109375 35.121952056884766 -17.164634704589844 -37.5
0.8447265625 -0.20458984375 0.00830078125 -3.0182926654815674 -31.25 62.256099700927734
0.926513671875 -0.510498046875 -0.2216796875 37.225608825683594 -45.73170852661133 15.396342277526855
0.821533203125 -0.86669921875 -0.287109375 -88.32317352294922 -6.402439117431641 9.817073822021484
1.06982421875 -0.966064453125 -0.3701171875 -32.225608825683594 -28.75 1.1280487775802612
0.669189453125 -0.878662109375 -0.19482421875 6.737804889678955 -63.93292999267578 25.213415145874023
0.740234375 -0.71826171875 -0.028076171875 38.84146499633789 -37.8658561706543 2.5
0.6181640625 -0.952880859375 -0.165283203125 7.317073345184326 -27.83536720275879 2.2560975551605225
0.827880859375 -1.1611328125 -0.328857421875 18.231708526611328 -1.0365853309631348 20.975610733032227
0.643798828125 -1.2236328125 -0.21533203125 0.3658536672592163 12.92682933807373 45.45731735229492
0.38671875 -0.9619140625 -0.18310546875 -11.25 30.731708526611328 43.414634704589844
0.1181640625 -0.938232421875 -0.12744140625 -22.7439022064209 34.84756088256836 42.774391174316406
0.083251953125 -0.809814453125 -0.010009765625 20.0 32.0121955871582 56.79878234863281
-0.00390625 -0.9169921875 -0.197509765625 30.30487823486328 19.207317352294922 55.57926940917969
-0.39501953125 -0.97265625 0.144775390625 22.042682647705078 34.29878234863281 44.78658676147461
-0.271484375 -0.778076171875 0.237060546875 50.60975646972656 32.103660583496094 44.2378044128418
-0.28173828125 -0.71923828125 0.291748046875 52.560977935791016 17.80487823486328 16.43292808532715
-0.1728515625 -0.677734375 0.297607421875 26.219512939453125 5.030488014221191 3.9939024448394775
-0.32861328125 -0.71240234375 0.310302734375 18.44512176513672 2.0426828861236572 8.079268455505371
-0.30615234375 -0.6416015625 0.365234375 2.5304877758026123 -10.182927131652832 24.268293380737305
-0.380615234375 -0.65478515625 0.316650390625 -14.420732498168945 -17.80487823486328 1.8292683362960815
-0.17919921875 -0.72900390625 0.244873046875 -32.103660583496094 -22.012195587158203 -19.08536720275879
-0.118896484375 -0.697021484375 0.110107421875 -53.68902587890625 -17.10365867614746 -42.256099700927734
0.243408203125 -0.753173828125 -0.177001953125 -38.32317352294922 -6.981707572937012 -54.20731735229492
0.336669921875 -1.03955078125 -0.210693359375 -29.024391174316406 4.878048896789551 -74.35975646972656
