1.004150390625 -0.508544921875 -0.079345703125
0.83251953125 -0.251953125 0.03759765625
0.784423828125 -0.212890625 0.18798828125
0.88623046875 -0.259033203125 0.342529296875
0.849609375 -0.799072265625 0.23291015625
0.852294921875 -0.88037109375 0.107666015625
1.076171875 -0.60791015625 0.01806640625
0.770751953125 -0.37451171875 0.026123046875
0.845947265625 -0.2138671875 0.0478515625
1.10791015625 -0.199462890625 0.059326171875
1.111083984375 -0.427734375 0.049072265625
0.780517578125 -0.30908203125 0.11865234375
0.6123046875 -0.410888671875 0.14013671875
1.09228515625 -0.72314453125 0.2255859375
1.455322265625 -0.6240234375 0.41748046875
1.40380859375 -0.314697265625 0.216796875
0.815185546875 -0.195556640625 0.1064453125
0.61865234375 -0.111572265625 0.074462890625
0.88916015625 -0.2255859375 0.2177734375
1.150390625 -0.55322265625 0.289794921875
0.84130859375 -0.383544921875 0.169189453125
0.71044921875 -0.424072265625 0.1513671875
0.98974609375 -0.583984375 0.304443359375
1.464599609375 -0.6044921875 0.2998046875
1.15087890625 -0.3916015625 0.11767578125
0.85302734375 -0.2431640625 0.06005859375
0.8876953125 -0.21044921875 0.0283203125
0.98095703125 -0.169921875 0.105224609375
1.066162109375 -0.319091796875 0.28125
0.663330078125 -0.2470703125 0.2568359375
0.835205078125 -0.3994140625 0.248291015625
1.3359375 -0.7138671875 0.4111328125
1.064208984375 -0.478759765625 0.227783203125
1.1201171875 -0.362548828125 0.1181640625
0.8427734375 -0.260986328125 0.082275390625
0.89501953125 -0.220458984375 0.120361328125
1.015380859375 -0.08837890625 0.291259765625
1.01123046875 -0.208984375 0.2705078125
0.653564453125 -0.258544921875 0.234130859375
0.869140625 -0.3505859375 0.289306640625
1.417236328125 -0.635986328125 0.35400390625
1.053955078125 -0.510986328125 0.256591796875
0.98046875 -0.245361328125 0.16015625
0.929931640625 -0.281494140625 0.1689453125
0.968017578125 -0.181396484375 0.25927734375
0.73193359375 -0.2255859375 0.517822265625
0.964599609375 -0.211669921875 0.427978515625
0.595703125 -0.310302734375 0.354736328125
0.81005859375 -0.39697265625 0.305419921875
1.532470703125 -0.68115234375 0.22607421875
1.26171875 -0.55859375 0.176025390625
0.763427734375 -0.29541015625 0.33251953125
0.674560546875 -0.171875 0.278076171875
0.962890625 -0.23291015625 0.246337890625
1.36181640625 -0.51708984375 0.31005859375
0.923095703125 -0.3173828125 0.2158203125
