1.035400390625 -0.69677734375 0.513916015625
1.454833984375 -0.635498046875 0.35400390625
1.468505859375 -0.453369140625 0.051513671875
1.164306640625 -0.2734375 0.02099609375
0.874755859375 -0.207763671875 0.0576171875
0.552490234375 -0.084716796875 0.198974609375
0.609130859375 -0.40380859375 0.666259765625
0.656005859375 -0.630615234375 0.820068359375
0.420166015625 -0.501220703125 0.658935546875
0.6083984375 -0.501953125 0.451904296875
1.06396484375 -0.524658203125 0.337158203125
1.068359375 -0.980712890625 -0.1591796875
0.62939453125 -0.8779296875 -0.582763671875
0.562744140625 -0.4189453125 -0.597412109375
0.35595703125 -0.396728515625 -0.601806640625
0.591796875 -0.012451171875 -0.813232421875
0.66748046875 -0.563232421875 -0.586669921875
0.26171875 -0.26025390625 0.003173828125
0.80517578125 -0.697265625 0.031982421875
1.4677734375 -0.85693359375 0.083740234375
0.82080078125 -0.5283203125 0.123779296875
1.2060546875 -0.34228515625 -0.022705078125
0.982177734375 -0.2353515625 0.0283203125
0.91015625 -0.15771484375 -0.001953125
1.023681640625 -0.145751953125 0.107666015625
0.761474609375 -0.24951171875 0.318115234375
0.95458984375 -0.2890625 0.14111328125
0.8720703125 -0.39892578125 0.145751953125
0.97216796875 -0.504150390625 0.25244140625
1.23095703125 -0.40283203125 0.19775390625
1.3935546875 -0.222412109375 0.012451171875
0.867431640625 -0.127685546875 0.0947265625
0.711181640625 -0.096435546875 0.079345703125
1.103759765625 -0.225830078125 -0.029541015625
1.2314453125 -0.432373046875 -0.03173828125
0.91943359375 -0.415771484375 0.07080078125
0.889892578125 -0.36279296875 0.17626953125
0.9052734375 -0.38916015625 0.331787109375
1.226318359375 -0.014892578125 0.48583984375
0.86376953125 -0.149658203125 0.22265625
0.93310546875 -0.35302734375 0.013671875
0.940185546875 -0.28759765625 0.0859375
0.92822265625 -0.342529296875 0.10986328125
0.963623046875 -0.294921875 0.170166015625
0.990966796875 -0.266357421875 0.15576171875
0.9443359375 -0.26806640625 0.11767578125
0.953369140625 -0.28466796875 0.12548828125
0.947509765625 -0.297607421875 0.1328125
0.95263671875 -0.304931640625 0.141845703125
0.972412109375 -0.30908203125 0.14501953125
0.994384765625 -0.29345703125 0.16748046875
1.032958984375 -0.2744140625 0.205810546875
0.896484375 -0.236572265625 0.268798828125
0.73779296875 -0.23876953125 0.41552734375
0.755615234375 -0.244873046875 0.357666015625
0.8447265625 -0.291259765625 0.412841796875
0.93798828125 -0.249267578125 0.453125
1.046630859375 -0.12939453125 0.359619140625
0.9013671875 -0.174560546875 0.201904296875
1.064697265625 -0.31103515625 0.023681640625
0.95361328125 -0.3515625 -0.0380859375
0.994140625 -0.38134765625 -0.092041015625
0.99072265625 -0.369873046875 -0.0224609375
1.01318359375 -0.364501953125 0.10595703125
1.063232421875 -0.409423828125 0.20751953125
