0.931640625 -0.240478515625 0.0849609375
0.690673828125 -0.460693359375 0.10791015625
0.82177734375 -0.574462890625 0.38916015625
1.301513671875 -0.302490234375 0.318115234375
0.9462890625 -0.356201171875 0.33984375
1.118896484375 -0.393798828125 0.41845703125
0.8291015625 -0.64404296875 0.11962890625
0.790771484375 -0.641357421875 -0.19677734375
0.507080078125 -0.448974609375 -0.227783203125
0.38330078125 -0.454345703125 0.005615234375
0.61767578125 -0.22998046875 0.380126953125
1.1494140625 -0.618896484375 0.4072265625
1.357421875 -1.00634765625 0.515869140625
1.1318359375 -0.691162109375 0.171142578125
0.977294921875 -0.572265625 0.10546875
1.202880859375 -0.083984375 -0.2099609375
0.801025390625 -0.230712890625 -0.149169921875
0.90771484375 -0.229736328125 -0.02587890625
1.23095703125 -0.28076171875 0.0771484375
0.820556640625 -0.283203125 0.26318359375
0.85595703125 -0.431884765625 0.272705078125
0.83837890625 -0.3642578125 0.282958984375
0.968505859375 -0.388916015625 0.2568359375
1.288818359375 -0.387939453125 0.1533203125
1.09033203125 -0.25537109375 0.18359375
0.9619140625 -0.256103515625 0.2900390625
0.728515625 -0.290283203125 0.2392578125
1.181884765625 -0.875 0.080810546875
0.47705078125 -1.164794921875 0.35498046875
0.264892578125 -0.98291015625 0.54052734375
0.067138671875 -0.6826171875 0.59423828125
-0.2314453125 -0.29833984375 0.6640625
-0.4150390625 -0.334716796875 0.77001953125
-0.38525390625 -0.169921875 0.838134765625
-0.36669921875 -0.052001953125 0.95166015625
-0.18701171875 0.052734375 0.946533203125
-0.2451171875 0.11279296875 0.92431640625
-0.181640625 0.117919921875 0.956298828125
-0.24072265625 0.160888671875 0.969970703125
-0.22265625 0.124267578125 0.97119140625
-0.235107421875 0.122802734375 0.967041015625
-0.20849609375 0.104248046875 1.017578125
-0.19384765625 0.086181640625 1.017333984375
-0.208984375 0.099853515625 0.9736328125
