1.063232421875 -0.404052734375 -0.3466796875
0.875732421875 -0.686279296875 -0.197265625
1.197021484375 -0.638427734375 -0.107421875
0.89404296875 -0.593505859375 -0.117919921875
0.90576171875 -0.495361328125 -0.03369140625
0.9111328125 -0.414306640625 -0.027099609375
0.751220703125 -0.380126953125 0.0732421875
1.524658203125 -0.542724609375 -0.281005859375
0.907958984375 -0.399169921875 -0.0791015625
0.57275390625 -0.36474609375 -0.0673828125
0.758056640625 -0.641845703125 0.15283203125
1.154296875 -0.542724609375 0.180908203125
1.201416015625 -0.40771484375 0.286865234375
1.08740234375 -0.234375 0.1474609375
0.891845703125 -0.1826171875 0.138427734375
0.7919921875 -0.3037109375 0.177978515625
0.5693359375 -0.974365234375 0.448974609375
0.609130859375 -0.730712890625 0.334716796875
0.1591796875 -0.761474609375 0.20751953125
0.3046875 -0.998046875 -0.02880859375
0.526611328125 -1.03271484375 -0.063720703125
0.536865234375 -0.87890625 -0.014404296875
0.38525390625 -0.719482421875 0.03955078125
0.3818359375 -0.897705078125 -0.00634765625
0.26318359375 -1.178955078125 -0.008056640625
0.325439453125 -1.071044921875 -0.0048828125
-0.0986328125 -1.0068359375 0.07763671875
-0.164794921875 -0.84912109375 -0.052734375
-0.084228515625 -0.98291015625 -0.12646484375
-0.103515625 -0.94677734375 -0.137451171875
-0.26123046875 -0.92529296875 0.038818359375
-0.320556640625 -0.913818359375 -0.04248046875
-0.369873046875 -0.98779296875 -0.089111328125
-0.3125 -0.85302734375 -0.121337890625
-0.329345703125 -0.950927734375 -0.348876953125
-0.420166015625 -1.29248046875 -0.100341796875
-0.368408203125 -0.9541015625 0.0732421875
-0.337890625 -0.892333984375 0.12158203125
-0.220947265625 -0.819091796875 0.11474609375
-0.0146484375 -0.811767578125 0.334228515625
-0.076904296875 -1.104736328125 0.156982421875
-0.331298828125 -1.152587890625 0.040771484375
-0.21728515625 -1.129638671875 0.07275390625
-0.591796875 -0.69677734375 0.03271484375
-0.2978515625 -1.342041015625 0.351806640625
0.913818359375 -0.978271484375 -0.14208984375
0.0576171875 -0.725341796875 0.140869140625
-0.2978515625 -0.88623046875 0.15869140625
-0.383056640625 -1.00439453125 -0.017578125
-0.266845703125 -0.9296875 -0.01611328125
-0.317626953125 -0.97705078125 -0.0908203125
-0.263916015625 -0.986083984375 -0.185302734375
-0.35302734375 -0.881103515625 -0.19482421875
-0.258544921875 -1.0361328125 -0.1748046875
-0.298828125 -1.00390625 -0.234375
-0.23193359375 -1.0166015625 -0.239501953125
-0.24072265625 -0.928955078125 -0.158935546875
-0.224365234375 -1.044921875 -0.197021484375
-0.1904296875 -0.96630859375 -0.169677734375
-0.163818359375 -0.991455078125 -0.114501953125
-0.201416015625 -0.878662109375 0.0068359375
-0.103515625 -1.00048828125 0.008056640625
-0.021240234375 -1.2119140625 -0.03173828125
-0.21435546875 -1.052978515625 -0.0791015625
-0.42236328125 -0.953125 0.001953125
-0.419677734375 -1.0107421875 -0.28466796875
