-0.641357421875 -0.1630859375 0.41748046875
-0.68994140625 -0.119384765625 0.36669921875
-0.7314453125 -0.79833984375 0.08642578125
-0.765869140625 -0.609130859375 0.4736328125
-0.59619140625 -0.260986328125 0.359375
-0.458251953125 0.236083984375 0.248291015625
-0.4853515625 0.090576171875 0.57861328125
-0.451171875 0.1162109375 1.0244140625
-0.42724609375 -0.779296875 0.765625
-0.951904296875 -0.867431640625 0.037109375
-1.298095703125 -0.267578125 -0.359130859375
-0.551025390625 -1.12646484375 0.364501953125
-0.69677734375 -0.410888671875 0.43603515625
-0.49365234375 -0.6123046875 -0.35205078125
-0.494384765625 -1.43994140625 -0.542236328125
-0.36572265625 -1.161376953125 -0.3916015625
-0.404296875 -0.580078125 -0.524658203125
-0.210205078125 -0.424560546875 -0.526123046875
-0.54052734375 -1.613037109375 -0.2353515625
-0.38671875 -0.475341796875 -0.68212890625
0.068359375 -1.460205078125 -0.3681640625
-0.13818359375 -0.85205078125 -0.03369140625
-0.68359375 -0.591796875 -0.478271484375
-0.11669921875 -0.9892578125 -0.074951171875
0.263427734375 -1.388671875 -0.46240234375
0.66162109375 -0.320556640625 0.7783203125
0.418701171875 -0.29150390625 0.829833984375
0.594482421875 0.1796875 0.95166015625
0.634033203125 0.564208984375 0.953857421875
0.2216796875 0.818603515625 0.599609375
-0.00244140625 0.764404296875 0.455078125
0.12744140625 0.643798828125 0.34814453125
-0.0810546875 0.98388671875 0.093017578125
-0.1953125 0.653564453125 -0.005615234375
-0.265869140625 0.8955078125 -0.11865234375
-0.100341796875 0.914306640625 -0.29443359375
-0.1337890625 0.607421875 -0.41357421875
-0.097900390625 0.9052734375 -0.326416015625
0.10498046875 1.33544921875 -0.579345703125
0.183349609375 0.67138671875 0.04248046875
-0.20849609375 1.052490234375 0.46044921875
-0.435791015625 0.897705078125 0.28857421875
-0.674072265625 0.69921875 -0.124755859375
-1.132080078125 0.088623046875 -0.679931640625
-0.783447265625 -0.294921875 -0.567138671875
-0.720703125 -0.364501953125 -0.410888671875
-0.658935546875 -0.556396484375 -0.715087890625
-0.1044921875 -0.582763671875 -0.86083984375
0.076416015625 -1.08203125 -1.544677734375
0.523681640625 -0.392822265625 0.191162109375
0.49365234375 0.256591796875 0.634765625
0.769775390625 -0.1953125 0.39013671875
0.836669921875 -0.59130859375 0.2646484375
1.459716796875 -0.760009765625 0.4169921875
1.449951171875 -0.315673828125 0.841552734375
0.753662109375 -0.236083984375 0.357177734375
0.840576171875 -0.549072265625 0.166015625
0.86328125 -0.572265625 0.181396484375
0.80517578125 -0.637939453125 0.24609375
0.84716796875 -0.43359375 0.22705078125
0.814697265625 -0.498046875 0.2060546875
0.824951171875 -0.537353515625 0.251708984375
0.837646484375 -0.485595703125 0.235595703125
0.824462890625 -0.495361328125 0.24169921875
0.830810546875 -0.501220703125 0.239013671875
0.880859375 -0.517578125 0.30712890625
0.798828125 -0.422119140625 0.260498046875
0.791015625 -0.478515625 0.2587890625
0.84326171875 -0.529541015625 0.30810546875
0.8271484375 -0.47509765625 0.252685546875
