0.89013671875 -0.931396484375 0.55078125
0.3046875 -1.072021484375 0.533935546875
-0.38232421875 -1.142822265625 0.308349609375
-0.6884765625 -0.8671875 0.341796875
-0.524169921875 -0.527099609375 0.283447265625
-0.13720703125 -0.46875 0.29150390625
-0.7431640625 -1.122314453125 0.114013671875
-0.8837890625 -0.69580078125 0.17822265625
-0.6630859375 -0.384765625 -0.0166015625
-0.442138671875 0.393310546875 0.380615234375
-0.85302734375 -0.233642578125 0.480224609375
-1.150390625 -0.35888671875 0.48681640625
-1.193115234375 -0.76416015625 0.009033203125
-0.94580078125 -0.263671875 -0.041015625
-0.504638671875 0.38720703125 0.678955078125
-0.379638671875 0.12646484375 0.736572265625
-0.5751953125 -0.050537109375 0.748779296875
-0.721923828125 -0.150634765625 0.65673828125
-0.714111328125 -0.44482421875 0.5986328125
-0.776123046875 -0.923095703125 0.902099609375
-0.4111328125 -0.6494140625 0.841064453125
-0.394287109375 0.162353515625 0.863037109375
-0.74169921875 -0.69384765625 0.842529296875
-0.402587890625 -0.322509765625 0.52880859375
0.094482421875 -0.66455078125 0.580322265625
0.15576171875 -1.303955078125 0.623046875
-0.0478515625 -0.622802734375 -0.44091796875
0.7109375 -1.11962890625 0.103515625
0.96044921875 -1.1357421875 0.158203125
1.089599609375 -0.6953125 0.47705078125
1.142578125 0.250732421875 0.836181640625
0.988525390625 0.465576171875 0.5380859375
0.438232421875 0.939453125 0.180419921875
0.23388671875 1.012939453125 -0.00341796875
0.056396484375 0.992919921875 -0.45556640625
-0.139404296875 0.6103515625 -0.041259765625
-0.10546875 0.56787109375 -0.35791015625
-0.19384765625 -0.017333984375 -0.661865234375
-0.325439453125 0.87255859375 -0.830810546875
0.049560546875 0.8193359375 -0.458984375
-0.5 0.85009765625 -0.38671875
-1.276611328125 -0.012939453125 0.0029296875
-1.50439453125 -0.058837890625 -0.12451171875
-0.9794921875 -0.689453125 -0.50146484375
-0.2919921875 -0.44287109375 -0.69970703125
-0.134521484375 -0.727294921875 -1.0849609375
-0.00927734375 -0.822021484375 -0.88671875
-0.19580078125 -0.620849609375 -0.338623046875
0.0185546875 -0.720703125 -0.5234375
-0.042724609375 -0.868896484375 -0.467041015625
-0.00732421875 -0.8662109375 0.007080078125
0.03955078125 -0.954833984375 -0.009765625
-0.356201171875 -0.5615234375 0.67041015625
-0.058837890625 -1.13232421875 0.101806640625
-0.337890625 -0.747314453125 0.162353515625
-0.310302734375 -0.839111328125 0.388427734375
-0.24072265625 -0.94580078125 0.02880859375
-0.08203125 -1.120361328125 -0.005615234375
0.069091796875 -1.140869140625 -0.124755859375
0.19775390625 -1.029296875 -0.078369140625
0.24853515625 -1.07470703125 -0.002197265625
0.279541015625 -0.983642578125 -0.099853515625
0.281982421875 -0.948486328125 -0.15380859375
