0.4150390625 -1.3857421875 0.085205078125 -144.8780517578125 137.9268341064453 229.66464233398438
-0.3564453125 -1.20361328125 -0.38671875 -51.64634323120117 -58.78049087524414 249.6341552734375
-0.423583984375 -0.70703125 -0.2392578125 75.8536605834961 -69.11585235595703 118.93292999267578
-0.2548828125 0.108642578125 0.146484375 23.35365867614746 -64.78659057617188 76.70732116699219
-0.51025390625 -0.25146484375 0.643798828125 7.103658676147461 -51.85975646972656 -16.768293380737305
-0.700439453125 -0.609375 0.523681640625 38.17073440551758 -13.932927131652832 3.567073345184326
-0.6455078125 -0.30712890625 0.547119140625 62.74390411376953 8.90243911743164 21.463415145874023
-0.380615234375 -0.1708984375 0.608154296875 30.670732498168945 -13.262195587158203 50.60975646972656
-0.31689453125 0.038330078125 0.705322265625 11.67682933807373 -8.689024925231934 56.371952056884766
-0.99267578125 0.254150390625 0.197021484375 -202.56097412109375 68.53659057617188 109.29878234863281
-0.994384765625 0.12646484375 0.923095703125 44.20731735229492 40.914634704589844 93.75
-0.887939453125 0.380126953125 -0.666748046875 -422.68292236328125 113.38414764404297 -94.96951293945313
-0.708740234375 -1.1591796875 -0.9658203125 -417.6219482421875 91.43292999267578 -196.7987823486328
-0.75439453125 -1.554443359375 -0.70458984375 200.03048706054688 22.469512939453125 -125.42683410644531
0.066162109375 -0.299560546875 0.876953125 231.40245056152344 -79.7256088256836 -106.85975646972656
0.304931640625 -0.393798828125 0.898193359375 150.91464233398438 -65.45732116699219 -122.89634704589844
0.9609375 -0.451171875 1.2236328125 54.57317352294922 -41.09756088256836 -160.5487823486328
0.85546875 -0.150634765625 0.850830078125 -11.493903160095215 0.792682945728302 -76.31097412109375
0.906982421875 -0.05126953125 0.61865234375 -70.1524429321289 40.30487823486328 -116.37195587158203
0.595703125 -0.506103515625 0.792236328125 -2.8048782348632813 29.45121955871582 -76.61585235595703
0.638671875 0.1865234375 0.709716796875 -13.62804889678955 47.5 15.365854263305664
0.2158203125 0.065673828125 0.773681640625 -50.79268264770508 57.43902587890625 -47.28658676147461
-0.167236328125 -0.772705078125 0.603515625 -200.4573211669922 106.76829528808594 8.04878044128418
0.06494140625 -0.287841796875 0.95458984375 57.103660583496094 -1.3414634466171265 40.09146499633789
-0.012451171875 -0.02734375 0.903076171875 71.09756469726563 -23.780488967895508 -10.640244483947754
0.144287109375 -0.01708984375 1.062255859375 30.579269409179688 -10.609756469726563 -10.792683601379395
0.064697265625 0.194580078125 0.949951171875 126.25 -17.591463088989258 53.99390411376953
0.489990234375 0.013427734375 0.6279296875 -78.6280517578125 31.128049850463867 117.19512176513672
0.19580078125 -0.404541015625 0.77001953125 -295.94512939453125 -17.073171615600586 93.75
0.80517578125 0.2607421875 0.958984375 26.58536720275879 -104.84756469726563 5.121951103210449
0.765380859375 -0.287841796875 0.9296875 -1.585365891456604 -68.29268646240234 -6.036585330963135
0.634033203125 -0.389404296875 0.735595703125 -54.48170852661133 -30.579269409179688 -54.5121955871582
0.8701171875 -0.584228515625 0.57666015625 -13.780488014221191 -24.542682647705078 -91.92073059082031
0.852783203125 -0.360107421875 0.53564453125 -19.481708526611328 -23.44512176513672 -7.743902683258057
0.825927734375 -0.403076171875 0.54443359375 8.719511985778809 -21.920732498168945 29.45121955871582
0.853271484375 -0.3603515625 0.4375 2.408536672592163 2.6219513416290283 10.42682933807373
0.822021484375 -0.251220703125 0.396728515625 1.9512195587158203 -0.8841463327407837 20.121952056884766
0.88720703125 -0.341064453125 0.41162109375 17.012195587158203 -2.2865853309631348 3.262195110321045
0.840576171875 -0.387451171875 0.41943359375 6.79878044128418 -6.615853786468506 -3.262195110321045
0.804931640625 -0.31982421875 0.420654296875 3.628048896789551 -4.634146690368652 -3.932926893234253
0.8798828125 -0.35595703125 0.40966796875 2.5 -1.1890244483947754 1.6768293380737305
0.860595703125 -0.32080078125 0.400146484375 -0.4268292784690857 -0.4573170840740204 4.6646342277526855
0.8603515625 -0.335205078125 0.41162109375 -2.22560977935791 -0.3353658616542816 -0.3048780560493469
0.847412109375 -0.355712890625 0.404052734375 -4.0853657722473145 1.8902440071105957 -0.4878048896789551
