-0.75146484375 -0.657470703125 0.18017578125
-0.847900390625 -0.246337890625 0.22314453125
-0.42919921875 -0.096435546875 0.126953125
-0.44384765625 -0.2373046875 0.4892578125
-0.750732421875 -0.6796875 0.566162109375
-0.594970703125 -0.138427734375 0.373779296875
-0.488525390625 0.010986328125 0.44189453125
-0.354736328125 0.167724609375 0.84765625
-0.343994140625 -0.001953125 1.031982421875
-0.342529296875 0.01123046875 1.086669921875
-0.1796875 -0.296875 1.23974609375
-0.366943359375 -0.93017578125 0.5791015625
0.312255859375 -0.46533203125 0.6181640625
0.320068359375 -0.407470703125 0.25048828125
0.137451171875 -0.7607421875 0.011962890625
0.412841796875 -1.1142578125 -0.164794921875
0.439453125 -1.271484375 -0.148681640625
1.06201171875 -0.219970703125 0.89453125
0.96484375 0.489013671875 1.107421875
0.789794921875 0.556884765625 0.710205078125
0.46337890625 0.56787109375 0.274658203125
0.224609375 0.414794921875 0.184814453125
0.036376953125 0.9677734375 -0.15283203125
-0.003662109375 0.773193359375 0.23046875
-0.18115234375 0.624755859375 -0.27587890625
-0.2646484375 0.580322265625 -0.455078125
-0.388427734375 0.200927734375 -0.561279296875
-0.352783203125 0.3330078125 -0.782470703125
-0.294189453125 0.215576171875 -0.826904296875
-0.419189453125 0.884765625 -1.090576171875
-0.33935546875 0.572998046875 -0.61376953125
-0.82373046875 0.5439453125 -0.431884765625
-1.060302734375 -0.5859375 -0.300537109375
-0.811279296875 -0.6181640625 0.612060546875
-0.838623046875 1.021728515625 -0.6083984375
-0.7314453125 0.626953125 -0.03857421875
-1.199462890625 -0.307373046875 -1.24462890625
-1.05224609375 0.599853515625 -0.052490234375
-0.928466796875 0.20166015625 -0.3701171875
-0.959228515625 0.378173828125 -0.253173828125
-0.92578125 0.382080078125 -0.412841796875
-0.773681640625 -0.39990234375 0.04150390625
-0.712158203125 -0.1865234375 0.295654296875
0.196044921875 -0.76123046875 0.038818359375
-0.30615234375 -1.330322265625 -0.5478515625
-0.262939453125 -1.323486328125 -0.2412109375
1.1298828125 -0.47314453125 -0.434814453125
1.08154296875 -0.474365234375 0.229736328125
1.05859375 -1.166259765625 0.37890625
0.68408203125 -0.957275390625 0.079833984375
0.42236328125 -0.946533203125 -0.25
0.459228515625 -0.86083984375 -0.311279296875
0.53515625 -0.867431640625 -0.21435546875
