0.81591796875 -1.744140625 0.6845703125
-0.24755859375 -0.621337890625 0.073974609375
-0.597412109375 -0.153076171875 0.12939453125
-0.568115234375 0.004638671875 0.2568359375
-0.38818359375 -0.586181640625 0.373046875
-0.811767578125 -0.832763671875 0.181884765625
-0.611083984375 -0.467529296875 0.004638671875
-0.460693359375 -0.1689453125 0.2373046875
-0.42724609375 0.062255859375 0.89306640625
-0.5029296875 -0.05517578125 0.949462890625
-0.407470703125 -0.009033203125 1.317138671875
-0.432861328125 0.094482421875 1.187744140625
-0.350341796875 -0.153076171875 1.196044921875
-0.26708984375 -0.315673828125 1.228515625
-0.141845703125 -0.93603515625 0.4462890625
-0.40087890625 0.02734375 0.285400390625
0.184814453125 -0.294189453125 0.945068359375
-0.60595703125 -0.470703125 1.315673828125
-0.774169921875 -1.04443359375 1.355224609375
-0.787841796875 -0.557861328125 0.55419921875
-0.610595703125 -0.3974609375 0.598388671875
-0.548583984375 0.139892578125 0.761962890625
-0.3876953125 0.260498046875 0.87109375
-0.1494140625 0.275634765625 0.97412109375
-0.1279296875 0.43603515625 0.759033203125
-0.382568359375 0.565185546875 0.234130859375
-0.26123046875 0.93603515625 0.00439453125
-0.26318359375 0.861083984375 0.037109375
-0.19873046875 0.94091796875 0.121826171875
0.133056640625 0.919677734375 0.141845703125
-0.223388671875 1.000244140625 0.26611328125
-0.88818359375 0.635986328125 -0.030029296875
-1.06103515625 0.21826171875 0.188232421875
-1.383544921875 -0.394287109375 -0.37548828125
-0.45556640625 -0.564208984375 -0.3095703125
-0.299560546875 -0.630859375 -1.04833984375
-0.0673828125 -0.902099609375 -0.87939453125
0.38330078125 -0.89208984375 -1.134033203125
0.2880859375 -0.525390625 -0.75439453125
0.291259765625 -0.17041015625 0.202392578125
0.4052734375 0.319091796875 0.6943359375
0.949462890625 -0.352783203125 0.86083984375
1.03857421875 -0.108642578125 0.569091796875
1.177001953125 -0.507568359375 0.755615234375
1.222412109375 -0.381103515625 0.64404296875
0.780029296875 -0.57958984375 0.322509765625
0.898681640625 -0.43603515625 -0.02783203125
0.842041015625 -0.511962890625 0.28173828125
0.85302734375 -0.501220703125 0.23876953125
0.85302734375 -0.409423828125 0.201171875
0.85546875 -0.467041015625 0.213134765625
