-0.048095703125 -0.472900390625 0.412841796875
-0.25537109375 0.163330078125 -0.016845703125
-0.638671875 0.642822265625 -0.29931640625
-0.730712890625 0.788818359375 -0.59521484375
-0.7158203125 0.79248046875 -0.707763671875
-1.146240234375 0.708984375 -0.24658203125
6.375732421875 -7.9951171875 7.9990234375
-0.0751953125 0.330078125 0.50830078125
-0.38623046875 -0.0693359375 0.13037109375
-0.445556640625 0.1337890625 0.11328125
0.015380859375 -0.00390625 0.429443359375
0.83349609375 -0.851318359375 0.476318359375
1.6943359375 -1.12255859375 0.995361328125
0.767822265625 -1.454345703125 0.34326171875
0.082275390625 -1.003173828125 0.0400390625
0.19482421875 -1.18994140625 -0.065673828125
1.14697265625 -0.620849609375 1.032470703125
0.7900390625 -0.709228515625 0.095703125
0.7646484375 -0.4921875 0.099853515625
0.7197265625 -0.46142578125 0.08251953125
0.802490234375 -0.621337890625 0.06005859375
