-0.95556640625 0.91455078125 1.026611328125 -132.5 -48.01829528808594 -114.26829528808594
0.44140625 -0.7607421875 0.97412109375 -22.19512176513672 -262.01220703125 -138.14024353027344
0.054443359375 -0.66455078125 0.422607421875 -15.0 -109.14634704589844 -63.07926940917969
-0.5029296875 -0.417724609375 0.886474609375 -53.23170852661133 57.8658561706543 72.62195587158203
-0.133544921875 -0.513916015625 1.58154296875 -182.34756469726563 11.036585807800293 143.10975646972656
-0.37451171875 0.356201171875 1.44873046875 -12.286585807800293 -30.85365867614746 129.93902587890625
-0.135498046875 0.546142578125 0.37353515625 138.14024353027344 108.75 122.16463470458984
-0.147216796875 0.732421875 -0.100341796875 89.35975646972656 141.76829528808594 115.88414764404297
-0.24462890625 0.8671875 -0.145751953125 61.371952056884766 101.85975646972656 83.81097412109375
-0.342041015625 0.943115234375 0.010498046875 39.14634323120117 28.53658676147461 31.73780632019043
-0.572509765625 0.668701171875 0.166259765625 -0.8536585569381714 2.1646342277526855 -7.743902683258057
-0.257080078125 0.521240234375 -0.0400390625 -11.554878234863281 -53.14024353027344 -24.176830291748047
0.13134765625 0.373046875 -0.09716796875 -63.567073822021484 -88.81097412109375 -61.76829528808594
2.369384765625 -1.06494140625 -0.513671875 -263.8719482421875 -141.34146118164063 -241.76829528808594
4.039306640625 -1.73681640625 0.510498046875 -381.18902587890625 -26.58536720275879 -582.7744140625
1.494384765625 -0.355224609375 0.3681640625 103.44512176513672 -113.38414764404297 -542.01220703125
0.3310546875 -1.014404296875 -0.331787109375 -264.1158447265625 40.060977935791016 33.506099700927734
