0.854248046875 -0.21240234375 0.34228515625
0.9755859375 -0.3056640625 0.26025390625
1.10888671875 -0.240966796875 0.189697265625
0.89111328125 -0.202880859375 0.146240234375
0.771728515625 -0.207275390625 0.10693359375
1.03369140625 -0.40087890625 0.099609375
1.190185546875 -0.542236328125 0.110107421875
0.927734375 -0.5048828125 0.15185546875
1.028564453125 -0.428955078125 0.0947265625
1.115234375 -0.393798828125 0.126220703125
0.798095703125 -0.215576171875 0.20361328125
0.835693359375 -0.418212890625 0.495849609375
0.721435546875 -0.902587890625 0.984619140625
0.926025390625 -1.44580078125 1.739013671875
1.519287109375 -1.38232421875 0.76904296875
0.545166015625 -0.04736328125 -0.390625
-0.2607421875 0.61328125 -0.928466796875
-0.69873046875 0.823486328125 -1.45458984375
-1.011474609375 0.424072265625 -0.6259765625
-0.47412109375 -3.816162109375 1.36962890625
0.16259765625 -0.191650390625 -0.307373046875
0.3349609375 -0.2744140625 0.658203125
0.2626953125 -0.066162109375 0.429931640625
1.647216796875 -0.522216796875 0.49072265625
2.520751953125 -0.379150390625 0.086181640625
0.969482421875 -0.81591796875 -0.074462890625
0.927001953125 -0.359375 -0.047119140625
0.982177734375 -0.4404296875 -0.107666015625
0.943359375 -0.43359375 0.061767578125
0.832275390625 -0.3583984375 0.1875
0.900634765625 -0.40380859375 0.18017578125
0.9033203125 -0.59375 0.272705078125
0.996337890625 -0.51025390625 0.28759765625
1.20361328125 -0.5234375 0.195068359375
