-0.730224609375 0.677978515625 -0.165771484375
-0.730224609375 0.748291015625 -0.23779296875
-0.74951171875 0.700927734375 -0.112548828125
-0.73486328125 0.58447265625 0.26708984375
7.9990234375 -6.524169921875 7.9990234375
0.548828125 0.592529296875 1.129150390625
-0.2353515625 0.260986328125 0.485595703125
-0.09228515625 0.421875 0.489013671875
0.139404296875 0.270751953125 0.53662109375
0.517333984375 0.0439453125 0.717041015625
0.927734375 -0.43701171875 1.05224609375
0.86865234375 -0.4697265625 0.621337890625
1.684814453125 -0.67431640625 0.383056640625
1.26416015625 -0.381103515625 0.06201171875
0.770263671875 -0.402099609375 0.18505859375
0.914306640625 -0.412109375 0.330810546875
0.99853515625 -0.190673828125 0.42236328125
0.999267578125 -0.247802734375 0.27880859375
1.095703125 -0.212890625 0.1171875
0.888916015625 -0.169189453125 0.13525390625
0.6220703125 -0.151123046875 0.1748046875
1.160400390625 -0.239013671875 0.090576171875
