0.69873046875 -0.627685546875 0.07421875
0.460693359375 -0.70849609375 0.044189453125
0.573974609375 -0.8740234375 -0.044677734375
0.617431640625 -0.84423828125 -0.064453125
0.6611328125 -0.79736328125 -0.039306640625
0.87939453125 -0.689208984375 0.009521484375
0.902587890625 -0.57861328125 -0.03564453125
0.909423828125 -0.502685546875 0.001708984375
0.92041015625 -0.45849609375 0.2021484375
1.1552734375 -0.498291015625 0.446044921875
1.056884765625 -0.760009765625 0.8291015625
0.730712890625 -0.95751953125 1.357177734375
0.285888671875 -0.782470703125 0.5458984375
-0.1533203125 0.07421875 -0.36376953125
-0.433349609375 0.58642578125 -1.122802734375
-0.765625 0.75927734375 -0.93701171875
-1.061767578125 0.7197265625 -0.2861328125
-0.181884765625 -0.207275390625 0.048095703125
-0.0625 0.3876953125 0.05810546875
-0.410888671875 0.25341796875 0.258056640625
-0.44384765625 0.31787109375 0.30810546875
-0.1337890625 0.159912109375 0.506103515625
0.113525390625 0.02001953125 0.715576171875
0.6123046875 -0.3701171875 1.085205078125
0.747314453125 -1.337646484375 0.954345703125
