-0.759033203125 0.4736328125 0.032470703125
-1.005859375 0.612548828125 -0.434814453125
-1.038330078125 0.6279296875 -0.270263671875
-0.651123046875 0.83251953125 0.1611328125
-0.13427734375 -1.40283203125 1.0341796875
0.427978515625 0.1044921875 0.71923828125
-0.31787109375 -0.050537109375 0.540283203125
-0.20361328125 0.05419921875 0.625732421875
0.02734375 -0.21240234375 1.0556640625
0.36181640625 -0.225830078125 1.49169921875
0.36474609375 -0.1376953125 1.3779296875
0.157470703125 -0.205810546875 1.183349609375
0.205810546875 -0.297119140625 0.96728515625
-0.067626953125 -0.318603515625 0.87890625
-0.35986328125 -0.20166015625 0.784423828125
-0.386962890625 -0.134765625 0.845458984375
