0.338134765625 -0.2626953125 1.152099609375 -122.31707763671875 127.86585998535156 180.6707305908203
-0.05419921875 -0.11962890625 0.71630859375 -72.04268646240234 2.6219513416290283 103.38414764404297
0.086669921875 0.043701171875 0.698974609375 -95.03048706054688 -50.79268264770508 6.463414669036865
0.265869140625 -0.609619140625 0.597900390625 -241.9207305908203 -22.713415145874023 -148.01829528808594
0.53173828125 -1.4052734375 0.171630859375 -106.76829528808594 84.45122528076172 -210.27439880371094
0.27880859375 -1.2841796875 0.0517578125 26.067073822021484 79.05487823486328 -67.98780822753906
0.46484375 -1.113037109375 0.413330078125 0.6097561120986938 -0.8231707811355591 12.835366249084473
0.520751953125 -1.072998046875 0.551025390625 78.41463470458984 22.5 56.92073440551758
0.395263671875 -1.301025390625 0.65966796875 90.67073059082031 102.83536529541016 111.03659057617188
0.03076171875 -0.84765625 0.48388671875 73.81097412109375 121.55487823486328 154.90853881835938
-0.3642578125 -0.34912109375 0.517822265625 77.53048706054688 91.76829528808594 122.92683410644531
-0.621826171875 -0.080078125 0.5341796875 53.29268264770508 49.908538818359375 53.23170852661133
-0.6904296875 0.006591796875 0.508056640625 35.60975646972656 26.920732498168945 22.83536720275879
