-0.1533203125 -0.513916015625 0.879638671875 -60.03049087524414 68.29268646240234 -20.30487823486328
-0.132080078125 -0.495361328125 0.8642578125 -3.445122003555298 0.21341463923454285 0.030487805604934692
-0.148193359375 -0.503173828125 0.870361328125 -1.3414634466171265 0.396341472864151 -0.3048780560493469
-0.153564453125 -0.48779296875 0.86181640625 -0.15243902802467346 -1.9512195587158203 2.0426828861236572
-0.135986328125 -0.529052734375 0.8662109375 -1.432926893234253 1.0670732259750366 -0.6402438879013062
-0.237548828125 -0.511962890625 0.88232421875 28.871952056884766 -22.68292808532715 6.920732021331787
-0.19775390625 -0.589111328125 0.95263671875 -28.292682647705078 -89.63414764404297 -48.38414764404297
0.54296875 -0.33935546875 0.64453125 -3.1402440071105957 -151.25 -127.59146881103516
1.097900390625 -0.101806640625 0.542724609375 27.28658676147461 -131.7987823486328 -56.28049087524414
1.00244140625 0.036376953125 0.325439453125 68.93292999267578 -165.8841552734375 -72.19512176513672
1.585693359375 -0.323974609375 0.378173828125 -64.6036605834961 -15.091464042663574 -54.817073822021484
0.91259765625 0.19873046875 0.643310546875 -107.256103515625 -34.024391174316406 74.6036605834961
0.905517578125 0.26171875 0.287841796875 37.8658561706543 29.359756469726563 -20.731708526611328
0.81103515625 0.179931640625 0.0419921875 -99.11585235595703 53.59756088256836 51.98170852661133
0.911865234375 -0.226318359375 0.152099609375 45.94512176513672 13.658536911010742 11.493903160095215
0.904296875 -0.183349609375 0.307373046875 32.774391174316406 1.097561001777649 25.274391174316406
0.907470703125 -0.25048828125 0.3310546875 -29.93902587890625 13.993903160095215 0.24390244483947754
0.9091796875 -0.301025390625 0.334716796875 -22.591463088989258 6.646341800689697 -4.6646342277526855
0.880859375 -0.360595703125 0.36669921875 -2.2560975551605225 -2.7439024448394775 -4.695122241973877
0.8818359375 -0.345947265625 0.29931640625 16.341463088989258 -8.932927131652832 -5.3353657722473145
0.917724609375 -0.265625 0.331298828125 22.774391174316406 -2.22560977935791 4.72560977935791
