0.69921875 -0.554443359375 0.12451171875
1.20849609375 -0.606201171875 -0.0458984375
1.791015625 -0.50830078125 -0.020751953125
1.36962890625 -0.517578125 0.11181640625
0.319091796875 -0.05712890625 0.2275390625
0.152587890625 0.10546875 0.15576171875
1.319580078125 -0.40087890625 -0.197021484375
0.755126953125 -0.313232421875 0.1240234375
1.0185546875 -0.308349609375 0.152587890625
0.96240234375 -0.27734375 0.13427734375
0.94580078125 -0.2958984375 0.12255859375
0.936279296875 -0.347900390625 0.12890625
0.96630859375 -0.294921875 0.14404296875
0.950439453125 -0.28466796875 0.130126953125
0.950927734375 -0.276611328125 0.111328125
