-0.14892578125 -0.671875 0.99853515625
-0.341064453125 0.30517578125 0.258056640625
0.224853515625 0.428955078125 -0.15576171875
2.2744140625 -0.52978515625 -0.544677734375
4.69140625 1.5458984375 -0.21240234375
-0.875244140625 -3.231201171875 1.102294921875
-0.06103515625 0.407470703125 0.380859375
1.01904296875 -0.069580078125 -0.196044921875
0.88037109375 0.04345703125 -0.06201171875
0.960693359375 -0.15185546875 -0.149658203125
0.951416015625 -0.176513671875 -0.1015625
0.9794921875 -0.13916015625 -0.05078125
0.998779296875 -0.284912109375 -0.090576171875
1.02587890625 -0.196044921875 -0.065673828125
0.79736328125 -0.009765625 -0.09521484375
1.06494140625 0.011962890625 -0.269287109375
0.9619140625 0.173095703125 -0.23974609375
0.95263671875 0.005126953125 -0.23095703125
1.02880859375 0.080078125 -0.261474609375
1.01171875 0.152587890625 -0.18408203125
0.98046875 0.10107421875 -0.298095703125
