0.711181640625 -0.2021484375 0.369140625
0.79052734375 -0.435546875 0.3095703125
1.084716796875 -0.402099609375 0.235595703125
0.59033203125 -0.3203125 0.123779296875
0.807373046875 -0.3623046875 0.15576171875
0.86669921875 -0.4130859375 0.205322265625
0.86865234375 -0.449951171875 0.157470703125
0.879638671875 -0.432861328125 0.155517578125
0.893310546875 -0.440673828125 0.162109375
0.88427734375 -0.4560546875 0.171142578125
0.88720703125 -0.404296875 0.220458984375
0.919189453125 -0.413330078125 0.18701171875
0.88427734375 -0.42578125 0.16015625
0.872802734375 -0.402099609375 0.18701171875
0.887939453125 -0.4150390625 0.202880859375
0.8857421875 -0.4169921875 0.201416015625
