0.1552734375 -0.402587890625 0.922119140625
0.162353515625 -0.42138671875 0.963134765625
0.11865234375 -0.397705078125 0.958984375
-0.04736328125 -0.29443359375 0.981689453125
0.285888671875 -0.354736328125 0.74853515625
0.564208984375 -0.27294921875 0.500732421875
0.668701171875 -0.727783203125 0.366455078125
1.332275390625 -0.029296875 0.661376953125
1.201904296875 -0.882568359375 0.1298828125
0.90673828125 -0.228515625 0.14013671875
0.689208984375 -0.403076171875 0.06982421875
0.672119140625 -0.167236328125 0.086181640625
0.855224609375 -0.243408203125 0.0185546875
0.93359375 -0.296630859375 0.05712890625
0.94482421875 -0.28271484375 0.0537109375
0.8935546875 -0.3154296875 0.0283203125
0.937255859375 -0.326416015625 0.0458984375
0.95361328125 -0.282958984375 0.072509765625
0.96435546875 -0.287109375 0.059814453125
0.9541015625 -0.296142578125 0.029052734375
