0.1904296875 -0.189453125 0.976806640625
0.209228515625 -0.1962890625 0.970703125
0.1845703125 -0.1787109375 0.989013671875
0.2119140625 -0.20849609375 0.98828125
0.164306640625 -0.185791015625 0.991455078125
0.10107421875 -0.08056640625 1.01318359375
0.1474609375 -0.047607421875 1.1123046875
0.071044921875 -0.34912109375 0.768310546875
0.586669921875 -0.52392578125 0.422119140625
1.42529296875 -0.2607421875 0.500732421875
1.217529296875 -0.436279296875 0.1142578125
1.13232421875 -0.611572265625 0.09912109375
0.70361328125 -0.290771484375 0.104736328125
0.730712890625 -0.145751953125 0.016357421875
0.955322265625 -0.20556640625 -0.047119140625
0.920654296875 -0.245361328125 -0.05029296875
0.955810546875 -0.271240234375 -0.0283203125
0.947265625 -0.272705078125 0.0048828125
0.97021484375 -0.2802734375 0.01953125
0.96142578125 -0.2978515625 4.8828125E-4
0.972900390625 -0.27392578125 -0.02197265625
0.945068359375 -0.26708984375 0.00390625
0.966796875 -0.273681640625 -0.01708984375
0.954833984375 -0.279052734375 -0.012451171875
0.958984375 -0.30029296875 0.009033203125
0.955322265625 -0.288330078125 0.012939453125
0.956787109375 -0.287841796875 -0.006103515625
