0.4560546875 0.01025390625 0.758056640625
1.03515625 -0.092529296875 0.363525390625
1.572021484375 -0.707275390625 0.7314453125
1.391845703125 -0.442138671875 -0.150390625
0.7421875 -0.19482421875 -0.075439453125
0.61767578125 -0.076416015625 -0.00341796875
1.066650390625 -0.339111328125 -0.016845703125
0.90966796875 -0.36962890625 -0.025634765625
0.929931640625 -0.34521484375 0.001220703125
0.966796875 -0.3310546875 -0.0087890625
0.917236328125 -0.22314453125 0.02880859375
0.9609375 -0.32470703125 0.009033203125
0.932861328125 -0.272705078125 0.01220703125
0.965087890625 -0.27099609375 0.0205078125
0.9599609375 -0.302001953125 0.025634765625
0.9560546875 -0.319580078125 0.0244140625
0.95751953125 -0.306884765625 0.022216796875
0.954833984375 -0.275146484375 0.0146484375
