-0.0478515625 -0.47998046875 0.892578125
-0.03369140625 -0.48388671875 0.892333984375
-0.04638671875 -0.4794921875 0.889892578125
-0.03564453125 -0.479248046875 0.882568359375
-0.093994140625 -0.43310546875 0.9658203125
-0.54833984375 -0.716552734375 1.242919921875
-0.601318359375 -0.437255859375 0.8564453125
-0.2783203125 -0.37255859375 0.427734375
0.3486328125 -0.615478515625 0.737548828125
0.0390625 -0.56201171875 0.639404296875
-0.0712890625 -0.98291015625 0.4990234375
-0.38720703125 -0.83642578125 0.48388671875
-0.51513671875 -0.557861328125 0.567138671875
-0.65966796875 -0.360107421875 0.724365234375
-0.622314453125 -0.154541015625 0.955322265625
-0.563720703125 -0.186767578125 0.938232421875
-0.497314453125 -0.040771484375 0.96826171875
-0.4423828125 0.181884765625 0.857421875
-0.45947265625 0.22412109375 0.780517578125
-0.452392578125 0.271484375 0.79833984375
-0.47900390625 0.300537109375 0.78857421875
-0.478515625 0.219970703125 0.823486328125
-0.477294921875 0.1103515625 0.872314453125
-0.5 0.036376953125 1.008544921875
-0.58984375 -0.190673828125 0.834228515625
-0.595458984375 -0.4033203125 0.744140625
-0.5009765625 -0.658935546875 0.5244140625
-0.2861328125 -0.796875 0.53076171875
-0.136474609375 -0.83740234375 0.569580078125
-0.32763671875 -0.88916015625 0.435791015625
0.01513671875 -0.757568359375 0.633056640625
0.468994140625 -0.71875 0.29736328125
-0.604736328125 -0.715087890625 0.573486328125
-0.67919921875 -0.611572265625 0.71533203125
-0.296630859375 -0.9990234375 1.20947265625
