-0.209716796875 -0.6826171875 0.966552734375
-0.55224609375 -0.78564453125 0.71044921875
-0.493896484375 -0.716552734375 0.458251953125
-0.29736328125 -0.83642578125 0.17822265625
-0.31591796875 -0.8623046875 0.196044921875
-0.2958984375 -0.774658203125 0.333251953125
-0.141357421875 -0.931884765625 0.41064453125
-0.1279296875 -1.060791015625 0.52490234375
-0.1884765625 -0.847900390625 0.40185546875
-0.141357421875 -1.005615234375 0.435791015625
-0.272216796875 -0.919189453125 0.413818359375
-0.37548828125 -0.729248046875 0.424072265625
-0.579833984375 -0.609130859375 0.554443359375
-0.671875 -0.522216796875 0.604736328125
-0.687744140625 -0.492919921875 0.83154296875
-0.62548828125 -0.3798828125 0.78515625
-0.61474609375 -0.217041015625 0.778076171875
-0.576171875 -0.0615234375 0.79345703125
-0.597900390625 -0.060546875 0.82861328125
-0.595947265625 0.0419921875 0.828125
-0.586181640625 0.048828125 0.792236328125
-0.59521484375 0.11474609375 0.7275390625
-0.613525390625 0.16845703125 0.74755859375
-0.609130859375 0.119873046875 0.753662109375
-0.604248046875 0.177490234375 0.799072265625
-0.656005859375 -0.05126953125 0.837158203125
-0.613037109375 -0.107421875 0.783203125
-0.669189453125 -0.25634765625 0.781982421875
-0.69970703125 -0.448486328125 0.606201171875
-0.56787109375 -0.59521484375 0.5556640625
-0.44482421875 -0.814208984375 0.31689453125
-0.32568359375 -0.89501953125 0.537109375
-0.189697265625 -0.838623046875 0.439453125
-0.1552734375 -0.830322265625 0.463623046875
-0.197509765625 -1.033935546875 0.485595703125
-0.194580078125 -0.795166015625 0.416259765625
-0.134033203125 -0.97802734375 0.4365234375
0.0283203125 -0.86767578125 0.4033203125
-0.097412109375 -0.676513671875 0.44091796875
-0.368408203125 -0.672607421875 0.53857421875
-0.507080078125 -0.6328125 0.92236328125
-0.515869140625 -0.617919921875 0.74072265625
