-0.3583984375 -0.6875 1.083984375
-0.51025390625 -0.563232421875 0.67138671875
-0.520751953125 -0.534912109375 0.522705078125
-0.285888671875 -0.578369140625 0.551025390625
-0.144287109375 -0.899658203125 0.354736328125
-0.1650390625 -0.81689453125 0.454833984375
-0.1865234375 -0.9052734375 0.4814453125
-0.1748046875 -0.904052734375 0.425048828125
-0.272216796875 -0.958740234375 0.442138671875
-0.474365234375 -0.654052734375 0.533935546875
-0.539794921875 -0.66162109375 0.447998046875
-0.63232421875 -0.634521484375 0.673095703125
-0.60107421875 -0.453369140625 0.825927734375
-0.47802734375 -0.35498046875 0.833740234375
-0.46044921875 -0.316650390625 0.843505859375
-0.48388671875 -0.110107421875 0.90478515625
-0.501708984375 -0.00341796875 0.878173828125
-0.492919921875 0.078125 0.85302734375
-0.51611328125 0.069091796875 0.821044921875
-0.507080078125 0.067626953125 0.822265625
-0.501953125 0.02587890625 0.838134765625
-0.505126953125 -0.02392578125 0.8857421875
-0.48876953125 -0.205810546875 0.958740234375
-0.493896484375 -0.34423828125 0.831298828125
-0.534912109375 -0.39794921875 0.780517578125
-0.55712890625 -0.47509765625 0.69091796875
-0.4736328125 -0.6845703125 0.636962890625
-0.388671875 -0.73486328125 0.54248046875
-0.22607421875 -0.765869140625 0.472412109375
-0.217041015625 -0.863037109375 0.501220703125
-0.21923828125 -0.90625 0.45068359375
-0.24365234375 -0.860107421875 0.3759765625
-0.21484375 -0.889404296875 0.44482421875
-0.0771484375 -0.706298828125 0.52392578125
0.263671875 -0.65380859375 0.43505859375
-0.523681640625 -0.634033203125 0.349853515625
-0.678466796875 -0.819091796875 0.51123046875
-0.461669921875 -0.7880859375 0.651123046875
-0.201904296875 -0.843017578125 0.78564453125
0.01953125 -0.522705078125 0.8955078125
0.014892578125 -0.498291015625 0.85888671875
