-0.61181640625 -0.843505859375 1.036376953125
-0.696044921875 -0.427490234375 0.69189453125
-0.224365234375 -0.611572265625 0.36083984375
-0.1435546875 -0.754638671875 0.33447265625
-0.12646484375 -0.77099609375 0.41845703125
-0.12939453125 -1.02001953125 0.4794921875
-0.15673828125 -0.875 0.458251953125
-0.19921875 -0.961669921875 0.486083984375
-0.194091796875 -0.834716796875 0.501708984375
-0.394287109375 -0.660888671875 0.58642578125
-0.476806640625 -0.41650390625 0.730712890625
-0.595947265625 -0.365234375 0.923828125
-0.587890625 -0.08154296875 0.9267578125
-0.42724609375 -0.184326171875 0.905517578125
-0.40234375 0.07275390625 0.985595703125
-0.42138671875 0.08544921875 0.919677734375
-0.438232421875 0.226318359375 0.866943359375
-0.4111328125 0.265380859375 0.82275390625
-0.4267578125 0.282470703125 0.840576171875
-0.438720703125 0.285400390625 0.81982421875
-0.46923828125 0.13818359375 0.85595703125
-0.50341796875 -0.0048828125 0.95068359375
-0.46826171875 -0.0498046875 0.915283203125
-0.57666015625 -0.18701171875 0.891357421875
-0.591064453125 -0.292236328125 0.718505859375
-0.569091796875 -0.494384765625 0.658447265625
-0.456298828125 -0.600341796875 0.620849609375
-0.2548828125 -0.941162109375 0.46728515625
-0.172119140625 -0.861572265625 0.56591796875
-0.161865234375 -0.81494140625 0.561279296875
-0.19384765625 -0.84619140625 0.54052734375
-0.247802734375 -0.841552734375 0.494384765625
-0.20947265625 -0.898193359375 0.52001953125
-0.103271484375 -0.791259765625 0.60107421875
0.468994140625 -0.62744140625 0.56005859375
-0.607177734375 -0.5263671875 0.23681640625
-0.73681640625 -0.967529296875 0.392578125
