-0.211669921875 -0.7021484375 1.036376953125 -91.73780822753906 90.48780822753906 -5.97560977935791
-0.486328125 -0.87158203125 0.888671875 -20.85365867614746 73.6280517578125 44.26829528808594
-0.488037109375 -0.51708984375 0.51123046875 -6.25 66.70732116699219 -9.817073822021484
-0.2431640625 -0.6181640625 0.303466796875 -40.914634704589844 39.20731735229492 -69.4817123413086
-0.08056640625 -0.8994140625 0.41162109375 -26.58536720275879 8.140244483947754 -68.07926940917969
-0.1533203125 -0.857421875 0.40625 30.975610733032227 8.932927131652832 -27.042682647705078
-0.16845703125 -0.8662109375 0.406982421875 5.70121955871582 -1.3109756708145142 -8.384146690368652
-0.186767578125 -0.9599609375 0.475341796875 -13.90243911743164 -0.7012195587158203 0.5182926654815674
-0.13232421875 -0.8330078125 0.4931640625 9.664634704589844 -11.189024925231934 13.04878044128418
-0.116455078125 -0.963623046875 0.389892578125 -10.060976028442383 -29.329269409179688 48.84146499633789
-0.261962890625 -0.9267578125 0.37744140625 7.408536911010742 -59.29878234863281 71.79878234863281
-0.32470703125 -0.7197265625 0.44091796875 -1.158536672592163 -77.28659057617188 78.04878234863281
-0.4306640625 -0.63427734375 0.6240234375 -28.628049850463867 -73.84146881103516 73.10975646972656
-0.48486328125 -0.66015625 0.773193359375 -19.05487823486328 -60.67073440551758 68.10975646972656
-0.494140625 -0.641357421875 0.836181640625 -8.963415145874023 -49.54268264770508 62.07317352294922
-0.4208984375 -0.484130859375 0.845703125 29.969512939453125 -24.69512176513672 49.817073822021484
-0.43994140625 -0.3681640625 0.82421875 31.18902587890625 -10.091464042663574 28.719512939453125
-0.45751953125 -0.16748046875 0.937744140625 45.82317352294922 -3.170731782913208 10.914634704589844
-0.463623046875 -0.12890625 0.90185546875 50.335365295410156 -0.9451220035552979 1.0060975551605225
-0.4580078125 -0.04345703125 0.864990234375 45.70122146606445 1.920731782913208 0.6097561120986938
-0.466552734375 -0.005615234375 0.873046875 27.957317352294922 9.17682933807373 -3.3841464519500732
-0.495361328125 0.047607421875 0.826904296875 12.439024925231934 6.95121955871582 -4.847560882568359
-0.472900390625 0.05224609375 0.832763671875 -9.207317352294922 2.22560977935791 -4.5731706619262695
-0.48486328125 -0.03662109375 0.862060546875 -42.835365295410156 0.7621951103210449 -7.713414669036865
-0.517822265625 -0.115234375 0.869384765625 -56.92073440551758 3.9634146690368652 -10.396341323852539
-0.479736328125 -0.1923828125 0.89794921875 -54.35975646972656 17.408536911010742 -21.463415145874023
-0.58349609375 -0.31298828125 0.8232421875 -40.030487060546875 38.506099700927734 -39.78658676147461
-0.59716796875 -0.447021484375 0.729248046875 1.3414634466171265 43.963417053222656 -61.40243911743164
-0.566650390625 -0.54931640625 0.615478515625 15.304878234863281 41.95122146606445 -78.29268646240234
-0.476806640625 -0.698486328125 0.597412109375 3.2317073345184326 46.82926940917969 -79.66463470458984
-0.446044921875 -0.772705078125 0.5205078125 7.439024448394775 59.84756088256836 -59.2378044128418
-0.356201171875 -0.85693359375 0.46875 -2.591463565826416 42.317073822021484 -42.80487823486328
-0.23828125 -0.82373046875 0.45068359375 7.012195110321045 16.189023971557617 -38.23170852661133
-0.29833984375 -0.8525390625 0.432861328125 -17.774391174316406 20.213415145874023 -22.408536911010742
-0.24072265625 -0.877685546875 0.410400390625 1.4939024448394775 9.481707572937012 -20.70121955871582
-0.287353515625 -1.0625 0.465576171875 2.5 5.640244007110596 -12.92682933807373
-0.213623046875 -0.85205078125 0.40771484375 6.585366249084473 -0.7317073345184326 -8.140244483947754
-0.079833984375 -0.83251953125 0.448486328125 -0.8841463327407837 -4.969512462615967 0.8841463327407837
0.3779296875 -0.799072265625 0.389404296875 10.365854263305664 -46.55487823486328 90.76219940185547
-0.489501953125 -0.59033203125 0.33642578125 -37.225608825683594 -89.05487823486328 66.73780822753906
