-0.25146484375 -0.483154296875 1.184814453125 -76.76829528808594 63.84146499633789 -16.79878044128418
-0.579345703125 -0.51513671875 1.052001953125 3.628048896789551 71.6463394165039 26.981708526611328
-0.475830078125 -0.60595703125 0.743408203125 -53.6280517578125 73.10975646972656 -13.506097793579102
-0.456298828125 -0.506103515625 0.505859375 38.90243911743164 56.067073822021484 -28.780488967895508
-0.291015625 -0.662353515625 0.3515625 -111.95122528076172 12.5 -53.871952056884766
-0.19140625 -0.70361328125 0.397705078125 49.78658676147461 -1.4939024448394775 -70.06097412109375
-0.216552734375 -0.890869140625 0.632568359375 12.042683601379395 2.5304877758026123 -3.4146342277526855
-0.178466796875 -0.873046875 0.47998046875 -15.487805366516113 -7.865853786468506 5.487804889678955
-0.18408203125 -0.9677734375 0.551513671875 3.5975611209869385 -23.75 52.8658561706543
-0.27001953125 -0.82470703125 0.50537109375 12.408536911010742 -55.213417053222656 102.83536529541016
-0.401123046875 -0.59814453125 0.42822265625 -62.04268264770508 -77.43902587890625 89.32926940917969
-0.512939453125 -0.551025390625 0.63330078125 -30.30487823486328 -71.25 85.82317352294922
-0.631103515625 -0.515869140625 0.9345703125 7.713414669036865 -58.99390411376953 85.24390411376953
-0.582275390625 -0.242431640625 1.013427734375 32.5 -41.463417053222656 78.3536605834961
-0.439453125 -0.150146484375 0.889892578125 11.859756469726563 -28.323171615600586 41.49390411376953
-0.403564453125 -0.011474609375 0.931884765625 48.47561264038086 -11.707317352294922 13.109756469726563
-0.438720703125 0.129150390625 0.92822265625 59.14634323120117 -1.4634146690368652 2.6524391174316406
-0.392333984375 0.127685546875 0.86279296875 43.353660583496094 -4.634146690368652 0.18292683362960815
-0.414794921875 0.186767578125 0.873046875 31.829269409179688 3.567073345184326 -1.3414634466171265
-0.441650390625 0.290283203125 0.8505859375 15.335366249084473 3.628048896789551 -2.7134146690368652
-0.413818359375 0.263427734375 0.81640625 -20.030488967895508 -1.6463415622711182 -8.353658676147461
-0.43603515625 0.151123046875 0.85791015625 -60.79268264770508 -2.4390244483947754 -14.72560977935791
-0.429443359375 -0.01904296875 0.908935546875 -76.89024353027344 2.1646342277526855 -18.810976028442383
-0.457763671875 -0.155029296875 1.029541015625 -76.43292999267578 19.573171615600586 -37.28658676147461
-0.468017578125 -0.2900390625 0.9287109375 -40.15243911743164 47.95731735229492 -67.43902587890625
-0.545166015625 -0.451171875 0.777587890625 -1.0670732259750366 67.68292999267578 -82.16463470458984
-0.527587890625 -0.555908203125 0.617431640625 28.719512939453125 60.33536911010742 -90.09146881103516
-0.45166015625 -0.697509765625 0.501953125 14.939024925231934 52.8658561706543 -78.50609588623047
-0.291015625 -0.84521484375 0.547607421875 3.0487804412841797 45.39634323120117 -66.06707763671875
-0.292724609375 -0.782470703125 0.59033203125 0.9451220035552979 27.560976028442383 -41.09756088256836
-0.26904296875 -0.843994140625 0.5224609375 9.359756469726563 14.268293380737305 -29.29878044128418
-0.316162109375 -1.0087890625 0.69140625 -15.70121955871582 9.634146690368652 -12.22560977935791
-0.2021484375 -0.71923828125 0.5078125 13.445122718811035 -1.6768293380737305 -7.134146690368652
0.14501953125 -0.931884765625 0.53857421875 -52.621952056884766 0.09146341681480408 46.98170852661133
-0.094970703125 -0.7177734375 0.365234375 -37.682926177978516 -43.506099700927734 95.54878234863281
-0.76171875 -0.64697265625 0.43017578125 -61.79878234863281 -65.67073059082031 18.75
-0.633544921875 -0.683349609375 0.7216796875 -6.615853786468506 -31.64634132385254 -33.38414764404297
-0.35791015625 -0.849853515625 0.772705078125 148.506103515625 -5.579268455505371 -47.59146499633789
