-0.018310546875 -0.518798828125 0.8720703125
-0.08984375 -0.529296875 0.957763671875
-0.7001953125 -0.8134765625 1.239501953125
-0.63427734375 -0.3955078125 0.879638671875
-0.3193359375 -0.203125 0.403076171875
0.561767578125 0.04150390625 0.63916015625
-0.0302734375 -0.76953125 0.693115234375
-0.0966796875 -1.012939453125 0.525634765625
-0.35595703125 -0.8984375 0.322021484375
-0.54296875 -0.578369140625 0.531982421875
-0.698974609375 -0.300048828125 0.7451171875
-0.681640625 -0.334716796875 0.96826171875
-0.52978515625 -0.183837890625 0.896728515625
-0.4892578125 0.0087890625 0.92333984375
-0.47119140625 0.260986328125 0.804443359375
-0.532958984375 0.21337890625 0.789306640625
-0.499755859375 0.26171875 0.697998046875
-0.538330078125 0.2783203125 0.7578125
-0.5458984375 0.18505859375 0.813720703125
-0.5361328125 0.05126953125 0.873291015625
-0.53955078125 -0.06396484375 0.9609375
-0.617431640625 -0.249267578125 0.851806640625
-0.6884765625 -0.444091796875 0.628662109375
-0.66650390625 -0.584716796875 0.506591796875
-0.516357421875 -0.66748046875 0.445068359375
-0.333740234375 -0.859619140625 0.461669921875
-0.077880859375 -0.794677734375 0.456298828125
-0.035400390625 -0.756591796875 0.267822265625
0.3056640625 -0.6806640625 0.580322265625
-0.289306640625 -0.6630859375 0.490478515625
-0.567138671875 -1.26123046875 0.19873046875
-0.50439453125 -0.6416015625 0.971923828125
0.075439453125 0.2861328125 1.193603515625
0.103515625 -0.709228515625 0.791259765625
0.03857421875 -0.30615234375 0.928955078125
0.062255859375 -0.470703125 0.927490234375
0.041015625 -0.445556640625 0.897705078125
