-0.046630859375 -0.568115234375 0.826416015625
-0.063232421875 -0.577880859375 0.831298828125
-0.06494140625 -0.597412109375 0.820556640625
-0.064208984375 -0.60400390625 0.80078125
-0.048095703125 -0.5654296875 0.835205078125
-0.1083984375 -0.5859375 1.060302734375
-0.18896484375 -0.718017578125 0.894775390625
-0.509033203125 -0.646240234375 0.72705078125
-0.56884765625 -0.6279296875 0.41650390625
-0.23193359375 -0.751953125 0.3291015625
-0.127685546875 -0.87841796875 0.3349609375
-0.266845703125 -0.91552734375 0.3828125
-0.199462890625 -0.67529296875 0.869384765625
-0.084716796875 -0.92236328125 0.452392578125
-0.2041015625 -0.943115234375 0.4609375
-0.347412109375 -0.885009765625 0.353515625
-0.48388671875 -0.6796875 0.51904296875
-0.66162109375 -0.400634765625 0.65869140625
-0.7392578125 -0.205078125 0.861572265625
-0.620849609375 -0.16845703125 0.881591796875
-0.5546875 -0.08349609375 0.80322265625
-0.580322265625 -0.00390625 0.8349609375
-0.619140625 0.0380859375 0.80908203125
-0.5986328125 0.125244140625 0.7607421875
-0.62744140625 0.1240234375 0.732177734375
-0.623779296875 0.176025390625 0.723388671875
-0.615478515625 0.164306640625 0.770263671875
-0.61865234375 0.1240234375 0.82470703125
-0.608154296875 0.00537109375 0.865966796875
-0.64990234375 -0.158203125 0.803466796875
-0.636962890625 -0.3017578125 0.706298828125
-0.60009765625 -0.3828125 0.7138671875
-0.469482421875 -0.619384765625 0.655029296875
-0.390869140625 -0.8720703125 0.62255859375
-0.33544921875 -0.732666015625 0.5986328125
-0.25634765625 -0.726806640625 0.600830078125
-0.259765625 -0.768310546875 0.58203125
-0.22412109375 -0.807861328125 0.590576171875
-0.21875 -0.825927734375 0.525634765625
-0.143310546875 -0.67919921875 0.595703125
0.365966796875 -0.677978515625 0.439208984375
-0.388916015625 -0.66796875 0.574462890625
-0.871337890625 -0.54248046875 0.7294921875
-0.458740234375 -0.498779296875 0.92919921875
-0.318115234375 -0.517578125 0.916259765625
-0.174072265625 -0.55322265625 0.902587890625
-0.151611328125 -0.5302734375 0.91259765625
