0.8583984375 -0.377685546875 0.0439453125
0.827392578125 -0.249755859375 -0.08544921875
0.909423828125 -0.2490234375 -0.164306640625
0.92724609375 -0.5927734375 0.111328125
0.84619140625 -0.457275390625 -0.215087890625
0.881103515625 -0.5595703125 -0.19970703125
1.03857421875 -0.542724609375 -0.344970703125
0.958984375 -0.365478515625 -0.257568359375
0.974609375 -0.4130859375 -0.085205078125
1.019287109375 -0.4072265625 -0.18505859375
0.96826171875 -0.299072265625 -0.1630859375
0.83349609375 -0.336181640625 -0.32763671875
0.997802734375 -0.56005859375 -0.3955078125
0.66162109375 -0.601318359375 0.11376953125
0.65185546875 -1.120361328125 0.48681640625
0.4150390625 -0.44287109375 -0.2900390625
0.094482421875 -0.865234375 -0.341064453125
-0.38818359375 -1.17236328125 -0.44482421875
0.171875 -0.75634765625 -0.689208984375
0.834716796875 -0.634521484375 -0.13232421875
0.38818359375 -0.677001953125 -0.207763671875
0.747802734375 -0.63818359375 -0.346923828125
0.804443359375 -0.51806640625 0.009765625
0.92333984375 0.876953125 -0.8525390625
1.083984375 0.229736328125 -0.4609375
2.033203125 -0.57177734375 0.439453125
1.606201171875 -0.4013671875 0.32275390625
0.90625 -0.315673828125 1.01123046875
0.466796875 -0.844482421875 0.206298828125
-0.075439453125 -0.65869140625 0.30029296875
-0.356201171875 1.241943359375 1.203857421875
-0.58544921875 0.460205078125 0.841796875
-0.540283203125 0.33154296875 0.3955078125
-1.012939453125 0.818115234375 0.396240234375
-0.5791015625 0.429931640625 0.590576171875
-0.3388671875 0.31884765625 0.304931640625
-0.6201171875 0.226318359375 0.838134765625
-0.674072265625 -0.351318359375 1.00341796875
-0.78564453125 -0.181884765625 0.359130859375
-0.499267578125 -0.381103515625 0.1240234375
-0.3857421875 -0.788818359375 -0.29443359375
-0.019775390625 -1.02880859375 -0.054443359375
0.57177734375 -0.410888671875 0.21142578125
0.992431640625 -0.759521484375 0.163818359375
1.19140625 -0.630615234375 0.442138671875
