1.00048828125 -0.260009765625 0.01318359375
0.916748046875 -0.233642578125 -0.0615234375
0.73779296875 -0.2900390625 -0.0927734375
0.813720703125 -0.400146484375 -0.098388671875
0.91748046875 -0.408203125 -0.1142578125
1.0517578125 -0.445068359375 -0.21142578125
1.119384765625 -0.363525390625 -0.3056640625
0.966064453125 -0.184326171875 -0.226806640625
1.00830078125 -0.311279296875 -0.112060546875
1.070556640625 -0.385986328125 -0.129638671875
0.992431640625 -0.24365234375 -0.13232421875
0.853271484375 -0.27880859375 -0.265625
0.82666015625 -0.71435546875 -0.550537109375
1.212158203125 -0.532958984375 0.0078125
0.414306640625 -0.58837890625 0.0302734375
0.38818359375 -0.5478515625 -0.011474609375
0.17724609375 -0.98681640625 0.09130859375
0.238525390625 -0.953125 -0.093505859375
-0.151611328125 -2.1064453125 -0.23583984375
0.027587890625 -0.62548828125 0.619873046875
-0.054443359375 -1.161376953125 0.336181640625
-0.51806640625 -1.411376953125 -0.078369140625
0.0224609375 -1.265869140625 0.018310546875
0.30859375 -1.2060546875 -0.845703125
0.574951171875 -0.79638671875 -0.099365234375
0.725341796875 -0.491943359375 -0.490234375
1.056640625 0.319580078125 -0.534423828125
1.24072265625 -0.050048828125 0.328125
1.652587890625 0.445556640625 0.45556640625
0.86669921875 -0.197021484375 0.5009765625
0.990234375 -0.736083984375 0.735595703125
0.275146484375 -0.27783203125 0.510498046875
0.382080078125 -0.5712890625 0.41259765625
-0.4892578125 2.724365234375 1.28466796875
-0.715576171875 -0.09912109375 0.725341796875
-0.72021484375 0.033203125 0.637451171875
-0.889892578125 0.39697265625 0.211669921875
-0.51318359375 1.406494140625 0.981201171875
-0.760986328125 -0.704833984375 0.4658203125
-0.726806640625 0.0732421875 1.719970703125
-0.97607421875 -0.26123046875 0.599365234375
-0.331298828125 0.080810546875 0.33349609375
-0.385498046875 -0.16162109375 0.07666015625
-0.182373046875 -0.633056640625 -0.140380859375
0.297119140625 -1.37939453125 -0.284423828125
1.02685546875 -1.33447265625 -0.18603515625
0.984130859375 -0.860595703125 0.293212890625
0.943603515625 -0.4638671875 0.081298828125
0.8486328125 -0.45458984375 0.074462890625
0.892822265625 -0.450927734375 0.09765625
