0.988037109375 -0.371826171875 0.099609375
0.943603515625 -0.297607421875 0.0390625
0.8642578125 -0.306884765625 -0.064208984375
0.760498046875 -0.471435546875 0.046630859375
0.81787109375 -0.690185546875 0.163330078125
0.782470703125 -0.56103515625 -0.030029296875
0.888916015625 -0.673095703125 0.0341796875
0.97998046875 -0.635986328125 0.079345703125
0.907470703125 -0.52880859375 -0.057861328125
0.8974609375 -0.552734375 -0.05078125
1.0185546875 -0.42724609375 0.0576171875
0.962158203125 -0.364501953125 -0.01953125
0.98486328125 -0.352783203125 -0.406005859375
0.87353515625 -0.632080078125 -0.330078125
1.095458984375 -0.48974609375 0.04736328125
0.838623046875 -0.742431640625 0.08984375
0.56201171875 -0.876708984375 0.22216796875
0.245849609375 -0.450927734375 0.157958984375
0.2333984375 -1.197998046875 0.096435546875
0.40625 -0.7763671875 -0.285888671875
0.293212890625 -0.70458984375 -0.468994140625
0.11328125 -1.248779296875 0.106689453125
0.462646484375 -0.768310546875 -0.4453125
0.854248046875 0.806884765625 -0.68505859375
-0.194580078125 1.194580078125 -0.075927734375
1.42529296875 -0.479248046875 0.625732421875
2.274169921875 -0.96484375 0.093505859375
1.5556640625 -0.649658203125 0.460693359375
0.669921875 -0.617919921875 0.0908203125
0.70166015625 0.489013671875 0.9765625
-0.744873046875 -0.48193359375 0.80810546875
-1.037109375 1.00390625 -0.206787109375
-0.6591796875 -0.499755859375 0.586669921875
-1.017333984375 -0.872314453125 1.3154296875
-0.8955078125 -0.50244140625 0.537841796875
-0.472900390625 0.573486328125 -0.10888671875
-0.243408203125 -0.189453125 0.3505859375
-0.264892578125 -0.656005859375 -0.078369140625
0.154541015625 -1.237548828125 0.019287109375
0.719970703125 -1.36669921875 -0.117919921875
1.1689453125 -1.2783203125 0.40283203125
0.95751953125 -0.542724609375 0.02734375
