0.91455078125 -0.164794921875 -0.00439453125
0.67138671875 -0.212646484375 -0.084228515625
1.11767578125 -0.20849609375 -0.18212890625
1.158935546875 -0.2802734375 -0.0693359375
0.97802734375 -0.360107421875 0.06689453125
1.05419921875 -0.49609375 -0.0888671875
1.04443359375 -0.299072265625 -0.133544921875
0.95068359375 -0.094970703125 -0.1240234375
1.069091796875 0.0771484375 -0.167724609375
0.95654296875 0.020751953125 -0.413330078125
0.8056640625 -0.39453125 -0.524658203125
0.72998046875 -0.658203125 -0.424072265625
0.574951171875 -0.646484375 0.118408203125
0.4794921875 -1.029296875 0.177001953125
0.035400390625 -0.505615234375 0.4775390625
-0.0546875 -1.120849609375 0.50244140625
-0.277099609375 -0.9716796875 0.250732421875
0.5478515625 -0.102294921875 -0.58740234375
-0.0400390625 -0.983642578125 -0.2763671875
0.6962890625 -1.27587890625 -0.163818359375
0.588623046875 -0.446533203125 -0.6416015625
0.900390625 -0.048583984375 -0.097900390625
0.834716796875 0.10498046875 -0.0615234375
1.142333984375 0.947998046875 0.089599609375
2.520751953125 -0.060791015625 0.50439453125
1.837890625 -0.45361328125 0.12353515625
0.88720703125 -0.67041015625 0.575927734375
0.7373046875 -0.700927734375 0.044921875
0.243408203125 -0.069091796875 0.652587890625
-0.914306640625 0.673583984375 0.289306640625
-0.63818359375 -0.52978515625 0.676513671875
-0.2822265625 0.532470703125 0.378173828125
-1.1171875 0.186767578125 0.41796875
-1.156494140625 0.180908203125 0.302001953125
-1.019775390625 0.016845703125 0.233154296875
-0.35791015625 -0.262939453125 0.521240234375
-0.11376953125 -0.06591796875 1.343994140625
-0.611328125 -0.21533203125 0.145751953125
0.1572265625 -0.986083984375 -0.511962890625
0.64306640625 -0.484130859375 0.262451171875
1.634765625 -0.86474609375 0.098876953125
0.796142578125 -0.604248046875 0.1171875
0.8359375 -0.40283203125 0.027587890625
0.904052734375 -0.4306640625 0.09130859375
0.884765625 -0.4951171875 0.239013671875
