0.953125 -0.37451171875 0.019775390625
0.826171875 -0.2265625 -0.015625
0.6826171875 -0.426513671875 -0.086181640625
0.83251953125 -0.47119140625 -0.054931640625
0.910888671875 -0.566650390625 -0.0810546875
0.954833984375 -0.638671875 -0.074951171875
0.809814453125 -0.44970703125 -0.069091796875
0.919921875 -0.4638671875 -0.029296875
1.1064453125 -0.300048828125 -0.177001953125
1.09033203125 -0.40673828125 -0.159423828125
1.00439453125 -0.322998046875 -0.14404296875
0.881103515625 -0.271240234375 -0.11865234375
1.1328125 -0.0361328125 -0.0029296875
1.1435546875 -0.192626953125 -0.1181640625
0.94189453125 -0.186279296875 -0.20263671875
0.811767578125 -0.444580078125 -0.4189453125
0.91162109375 -0.618408203125 -0.630126953125
0.80029296875 -0.430419921875 0.00439453125
0.386474609375 -0.6083984375 0.28271484375
0.45263671875 -0.938232421875 0.274658203125
0.288818359375 -0.8671875 0.2216796875
-0.38232421875 -0.7392578125 -0.102294921875
0.0927734375 -0.885009765625 0.380859375
0.0400390625 -1.031982421875 0.3017578125
-0.07666015625 -0.89404296875 0.189453125
-0.230712890625 -0.854736328125 -0.242431640625
0.05908203125 -0.952392578125 -0.5634765625
0.171630859375 -0.110595703125 -0.048583984375
0.6591796875 -0.862060546875 -0.4443359375
0.85595703125 -0.7236328125 -0.542236328125
0.644775390625 -0.145751953125 -0.617431640625
3.243896484375 0.357666015625 -0.499755859375
2.311767578125 -0.143310546875 0.283447265625
1.146484375 -0.55126953125 0.18115234375
0.98876953125 -0.705078125 0.771484375
0.883056640625 0.056396484375 0.086181640625
0.2158203125 1.733154296875 1.365478515625
-0.55810546875 -0.453857421875 0.736083984375
-0.7529296875 0.775390625 0.486328125
-1.232177734375 -0.762939453125 0.29443359375
-1.445556640625 0.447021484375 0.369140625
-0.582763671875 -1.043701171875 -0.19287109375
-0.13671875 -1.5 0.78369140625
-0.7109375 -0.119140625 1.217529296875
-0.630126953125 0.001220703125 0.326416015625
-0.447265625 -0.156005859375 0.6689453125
-0.350830078125 -0.0927734375 0.30859375
-0.193115234375 -0.54833984375 -0.100341796875
0.60546875 -1.271240234375 -0.22021484375
1.255126953125 -1.1767578125 -0.058349609375
1.036376953125 -0.890380859375 0.419189453125
0.870361328125 -0.330078125 0.01171875
