0.89453125 -0.784912109375 0.4765625
0.642578125 -0.869873046875 0.48681640625
0.581787109375 -0.43994140625 0.564697265625
0.3564453125 -0.312255859375 0.48046875
0.15234375 -0.566162109375 0.447998046875
0.1572265625 -0.633544921875 1.025390625
0.28955078125 -0.703857421875 0.9404296875
0.40625 -0.442138671875 0.937744140625
0.511962890625 -0.095703125 0.596435546875
0.722412109375 -0.209716796875 0.05908203125
0.779296875 -0.2666015625 -0.099853515625
1.590576171875 -0.38427734375 -0.215576171875
1.974609375 -1.409912109375 -0.184814453125
0.876953125 -0.56640625 -0.030029296875
0.881591796875 -0.56005859375 -0.099609375
1.211181640625 -0.417724609375 0.031982421875
1.377685546875 1.067138671875 0.98876953125
0.870849609375 -0.21484375 0.087158203125
0.971435546875 -0.4716796875 -0.1396484375
1.00244140625 -0.357177734375 -0.05224609375
0.907958984375 -0.365234375 0.109375
1.089599609375 -0.19580078125 0.30322265625
0.976318359375 -0.133056640625 0.0390625
0.935302734375 -0.29296875 -0.0400390625
0.96044921875 -0.200927734375 0.075439453125
0.95458984375 -0.27587890625 0.0693359375
0.9091796875 -0.31591796875 0.071533203125
1.005126953125 -0.333251953125 0.0576171875
0.920166015625 -0.243896484375 0.12744140625
1.11474609375 -0.6357421875 0.36474609375
