0.938232421875 -0.50830078125 0.12841796875
0.824951171875 -0.6337890625 0.16064453125
0.804931640625 -0.948974609375 0.075927734375
0.80615234375 -0.925048828125 0.20703125
0.65966796875 -0.656005859375 0.44189453125
0.391845703125 -0.3642578125 0.446044921875
0.37548828125 -0.352783203125 0.67041015625
0.283935546875 -0.122314453125 1.363525390625
0.136474609375 -0.419189453125 1.15478515625
0.240234375 -0.612548828125 0.959716796875
0.240966796875 -0.4375 0.914306640625
0.354248046875 -0.27978515625 0.52978515625
0.718994140625 -0.38134765625 0.3505859375
1.084228515625 -0.869873046875 0.11279296875
1.057373046875 -0.6513671875 0.341552734375
1.2412109375 -0.7646484375 0.011474609375
0.8828125 -0.205322265625 -0.0244140625
0.87109375 -0.34375 0.006103515625
0.938720703125 -0.22216796875 -9.765625E-4
0.922607421875 -0.326416015625 -0.039306640625
1.06103515625 -0.388671875 0.028076171875
0.9140625 -0.185791015625 0.049072265625
0.961669921875 -0.269775390625 0.08544921875
0.9248046875 -0.169677734375 0.04638671875
0.95947265625 -0.257080078125 0.041748046875
0.939453125 -0.269287109375 0.02587890625
0.983642578125 -0.26123046875 0.004638671875
0.947998046875 -0.241455078125 0.031982421875
0.956298828125 -0.2802734375 0.0263671875
0.955810546875 -0.29931640625 0.04052734375
