0.884765625 -0.6865234375 0.0859375 -54.69512176513672 63.99390411376953 -10.182927131652832
0.851318359375 -0.868896484375 0.166015625 85.91463470458984 -35.57926940917969 16.158536911010742
0.884033203125 -0.9169921875 0.4072265625 237.40853881835938 -30.823171615600586 74.26829528808594
0.71142578125 -0.316162109375 0.389404296875 195.76220703125 17.439023971557617 157.31707763671875
0.3525390625 -0.431884765625 0.259765625 46.98170852661133 59.08536911010742 150.3353729248047
0.498046875 -0.468017578125 -0.308349609375 -25.33536720275879 25.54878044128418 39.48170852661133
0.228515625 -0.989501953125 0.84375 99.45122528076172 -63.963417053222656 1.5548781156539917
0.36669921875 -0.806396484375 0.793212890625 -9.603658676147461 -12.865854263305664 -22.591463088989258
0.49755859375 -0.515869140625 0.759521484375 7.195122241973877 -11.37195110321045 -2.5609755516052246
0.336669921875 -0.772216796875 0.418212890625 11.737805366516113 -8.689024925231934 11.189024925231934
0.375244140625 -0.73291015625 0.12744140625 -168.10975646972656 68.6280517578125 -6.615853786468506
0.91552734375 -0.687255859375 -0.049560546875 -156.85975646972656 38.29268264770508 -146.25
1.296875 -0.706298828125 0.005615234375 44.93902587890625 -41.95122146606445 -209.48170471191406
0.814697265625 -0.178466796875 0.160400390625 180.5792694091797 -57.164634704589844 -84.75609588623047
0.89501953125 -0.40576171875 0.047119140625 -32.8658561706543 -16.890243530273438 28.53658676147461
0.864013671875 -0.093994140625 0.06982421875 1.3719512224197388 2.4695122241973877 -40.67073440551758
1.017333984375 -0.279541015625 0.019775390625 -33.99390411376953 21.341463088989258 -1.6768293380737305
0.918701171875 -0.22900390625 0.0185546875 -18.20121955871582 20.94512176513672 6.6768293380737305
0.994140625 -0.193115234375 -0.02099609375 5.060975551605225 -2.378048896789551 -0.5792683362960815
1.2080078125 -0.236328125 -0.04248046875 30.48780632019043 -6.8597564697265625 -11.463415145874023
1.10888671875 -0.185791015625 -0.092529296875 46.55487823486328 -15.182927131652832 -11.707317352294922
0.92333984375 -0.185791015625 -0.108154296875 28.628049850463867 13.506097793579102 -7.317073345184326
1.01513671875 -0.209228515625 -0.06884765625 -29.725610733032227 20.39634132385254 12.256097793579102
