0.4169921875 -0.261474609375 0.718994140625
0.144287109375 -0.154296875 1.597900390625
0.02880859375 -0.13818359375 0.986328125
0.087646484375 -0.311767578125 0.959716796875
0.1044921875 -0.51904296875 0.8876953125
0.201416015625 -0.183837890625 0.903564453125
0.376220703125 -0.1865234375 0.575439453125
0.75732421875 -0.580078125 0.4228515625
1.07373046875 -0.70068359375 0.21728515625
1.0166015625 -0.4208984375 0.27587890625
0.915771484375 -0.565185546875 0.1884765625
1.1240234375 -0.4658203125 0.174560546875
0.912841796875 -0.339111328125 0.004638671875
1.01708984375 -0.276123046875 -0.108642578125
0.863037109375 -0.1904296875 -0.093505859375
0.989990234375 -0.24609375 -0.01318359375
1.048583984375 -0.30078125 -0.035400390625
0.837646484375 -0.245361328125 0.07373046875
1.08740234375 -0.197998046875 -0.044921875
0.901611328125 -0.047607421875 0.06640625
1.0068359375 -0.10546875 0.02490234375
0.99267578125 -0.162353515625 0.037841796875
0.955078125 -0.09423828125 0.095947265625
