-0.1455078125 -0.37255859375 0.8271484375
-0.3369140625 0.078369140625 0.4150390625
-0.01904296875 0.521484375 -0.17919921875
-0.413330078125 -1.409912109375 -0.12548828125
-0.364990234375 -0.907958984375 -0.057861328125
-0.390380859375 -0.9716796875 -0.136474609375
-0.296630859375 -0.91455078125 -0.287109375
-0.148193359375 -1.055419921875 -0.1982421875
-0.164794921875 -0.831787109375 -0.258544921875
-0.10546875 -0.92626953125 0.161865234375
-0.013427734375 -1.050048828125 0.201904296875
0.039794921875 -1.095458984375 0.300048828125
-0.13232421875 -0.837890625 0.33642578125
-0.179443359375 -1.071533203125 0.410400390625
-0.1103515625 -0.840087890625 0.5087890625
-0.137939453125 -0.46826171875 0.24072265625
-0.09716796875 -0.493408203125 0.175537109375
0.690185546875 -0.8046875 0.449462890625
1.3583984375 -0.76171875 -0.040771484375
1.74658203125 0.10986328125 -0.69140625
0.908935546875 -0.2470703125 0.107666015625
1.011962890625 -0.3134765625 0.010009765625
0.963134765625 -0.343505859375 -0.098388671875
0.96728515625 -0.30322265625 0.037353515625
0.9609375 -0.250244140625 0.035888671875
0.97998046875 -0.219482421875 0.046630859375
