0.609619140625 0.473388671875 0.362548828125
0.268310546875 0.57568359375 0.17138671875
0.22119140625 -0.864990234375 -0.53466796875
0.37744140625 -0.833984375 -0.527587890625
0.414794921875 -0.84521484375 -0.426025390625
0.433837890625 -0.950439453125 -0.08642578125
0.447021484375 -0.660400390625 0.384033203125
0.576171875 -0.583740234375 0.408203125
0.66650390625 -0.3876953125 0.373779296875
0.91845703125 -0.268798828125 0.317138671875
1.256103515625 -0.590087890625 0.1015625
1.14501953125 -1.052001953125 0.009765625
0.9169921875 -0.225341796875 -0.005615234375
0.86328125 -0.263671875 -0.105224609375
0.9404296875 -0.08349609375 -0.046875
1.077392578125 -0.169189453125 -0.12646484375
0.857177734375 -0.154052734375 -0.05859375
0.95751953125 -0.102783203125 -0.087646484375
0.928466796875 -0.130859375 0.0
1.054443359375 -0.1455078125 -0.08203125
0.955810546875 -0.160400390625 -0.112548828125
1.0048828125 -0.126953125 -0.072021484375
0.986083984375 -0.17578125 -0.061767578125
