0.93798828125 -0.353759765625 0.03173828125
0.9033203125 -0.36474609375 0.035400390625
0.879638671875 -0.364013671875 0.023681640625
0.9970703125 -0.40576171875 0.187744140625
0.911865234375 -0.477294921875 0.001708984375
0.750244140625 -1.1337890625 -0.066162109375
0.865234375 -1.17431640625 0.378173828125
0.827392578125 -0.28466796875 0.1591796875
0.684326171875 0.1103515625 0.237060546875
0.990234375 -0.704833984375 0.438720703125
0.4462890625 -0.723876953125 0.652587890625
0.295654296875 -0.81103515625 0.2744140625
0.2080078125 -9.765625E-4 -0.301025390625
0.432861328125 -0.5341796875 -0.365478515625
0.576416015625 -0.6201171875 -0.183837890625
0.419677734375 -0.431640625 -0.099365234375
0.886962890625 -0.677490234375 -0.093017578125
1.31689453125 -0.683349609375 0.084228515625
0.943115234375 -0.350830078125 0.156005859375
0.86474609375 -0.4248046875 -0.06103515625
0.921875 -0.256591796875 -0.043212890625
0.885986328125 -0.409912109375 0.011474609375
1.11181640625 -0.280029296875 0.02587890625
0.897705078125 -0.265380859375 0.0791015625
1.02880859375 -0.211181640625 0.047119140625
1.051025390625 -0.21435546875 0.0048828125
0.97412109375 -0.1875 -0.070068359375
0.968017578125 -0.1943359375 -0.040283203125
0.9482421875 -0.26318359375 0.015380859375
0.96435546875 -0.249267578125 0.0029296875
0.968017578125 -0.233154296875 -0.006103515625
0.97119140625 -0.261962890625 0.0078125
0.96533203125 -0.2421875 0.00439453125
0.974365234375 -0.260986328125 0.0
0.96923828125 -0.235595703125 -0.018798828125
0.9638671875 -0.275634765625 -0.0546875
