0.850830078125 -1.160400390625 0.201904296875
0.6806640625 -1.40625 -0.311767578125
0.249755859375 -0.581787109375 -0.169677734375
0.039794921875 -0.447509765625 0.404296875
0.275390625 -0.55517578125 0.36669921875
-0.611328125 -0.378173828125 0.70703125
-0.503173828125 -0.576171875 0.714111328125
-0.404296875 -0.530029296875 0.7451171875
-0.245361328125 -0.414794921875 0.951416015625
-0.10546875 -0.281005859375 0.963623046875
-0.082275390625 -0.4814453125 0.91162109375
0.04248046875 -0.478515625 0.920166015625
0.0576171875 -0.37939453125 0.888916015625
-0.320068359375 -0.43310546875 1.01513671875
0.012451171875 -0.448486328125 0.877197265625
0.511962890625 -0.499267578125 0.60595703125
0.32080078125 -0.5029296875 0.394775390625
0.555908203125 -0.54150390625 0.047119140625
1.281982421875 -1.093017578125 -0.222900390625
1.22314453125 -0.932373046875 -0.373779296875
1.113037109375 -0.67333984375 -0.32958984375
