0.10400390625 -0.38427734375 0.087890625 -60.15243911743164 14.72560977935791 -6.463414669036865
-0.840576171875 -0.82470703125 0.06005859375 -127.95732116699219 6.341463565826416 26.0060977935791
-0.33447265625 -0.45166015625 0.770751953125 141.18902587890625 -40.60975646972656 -11.890244483947754
-0.24169921875 -0.7548828125 0.6455078125 24.878049850463867 -20.091463088989258 31.18902587890625
0.00439453125 -0.837646484375 0.560791015625 -3.4146342277526855 -36.371952056884766 61.524391174316406
0.140869140625 -0.861083984375 0.548828125 -19.725610733032227 -41.128047943115234 54.84756088256836
0.331787109375 -0.748779296875 0.6279296875 10.396341323852539 -28.35365867614746 16.463415145874023
-0.07470703125 -0.94091796875 0.398681640625 -89.84756469726563 6.310975551605225 104.7256088256836
-0.159912109375 -0.537353515625 0.210205078125 -32.28658676147461 -13.140244483947754 6.25
-0.092041015625 -0.748046875 0.710205078125 -25.670732498168945 -20.30487823486328 12.62195110321045
0.17236328125 -0.88623046875 0.465576171875 -31.280488967895508 -0.060975611209869385 9.756097793579102
0.158203125 -0.468505859375 0.3857421875 -13.59756088256836 -0.7317073345184326 -34.57316970825195
0.457763671875 -0.589111328125 0.045654296875 -76.37195587158203 -23.810976028442383 -122.19512176513672
1.049560546875 -0.514404296875 -0.265380859375 -140.1829376220703 4.390244007110596 -247.01220703125
1.97607421875 -1.082275390625 -0.271484375 134.11585998535156 -0.5487805008888245 -292.7134094238281
1.219482421875 -0.427001953125 0.187744140625 -167.46951293945313 -36.89024353027344 10.091464042663574
0.75048828125 -0.56298828125 -0.09619140625 -118.44512176513672 41.95122146606445 2.7439024448394775
1.0498046875 -0.372802734375 0.07763671875 -32.9878044128418 9.634146690368652 52.408538818359375
0.9384765625 -0.0107421875 0.2734375 -41.432926177978516 -10.304878234863281 77.98780822753906
0.942626953125 -0.12646484375 0.14599609375 -13.445122718811035 13.140244483947754 7.621951580047607
0.915771484375 -0.26123046875 0.1044921875 -72.19512176513672 8.658536911010742 -29.664634704589844
0.97412109375 -0.36181640625 0.06640625 -50.39634323120117 2.987804889678955 -43.04878234863281
0.991943359375 -0.356201171875 0.078857421875 -44.2378044128418 0.0 -2.4695122241973877
0.940673828125 -0.294677734375 0.117431640625 -25.85365867614746 -0.7012195587158203 27.43902587890625
0.919921875 -0.245361328125 0.101318359375 -13.567073822021484 2.5304877758026123 14.420732498168945
0.950927734375 -0.288330078125 0.0751953125 25.426830291748047 -4.512195110321045 1.0060975551605225
0.960693359375 -0.28466796875 0.017333984375 7.957317352294922 6.036585330963135 9.87804889678955
0.968017578125 -0.263427734375 -0.026123046875 -4.939024448394775 8.810976028442383 13.231707572937012
0.96875 -0.260498046875 -0.048583984375 -10.640244483947754 4.969512462615967 2.8353660106658936
0.955078125 -0.284423828125 -0.041259765625 -11.67682933807373 -1.432926893234253 -12.591464042663574
0.954833984375 -0.3193359375 0.00537109375 -6.890244007110596 -7.560976028442383 -20.762195587158203
