1.023681640625 -1.05322265625 0.428466796875
0.9404296875 -0.440185546875 0.2041015625
0.580322265625 -0.322509765625 0.2041015625
0.786865234375 0.125732421875 0.422119140625
0.269287109375 0.079833984375 0.781494140625
0.1279296875 -0.810791015625 -0.99609375
0.4013671875 -0.951171875 -0.49267578125
0.459716796875 -0.84619140625 -0.5107421875
0.495361328125 -0.796875 -0.365234375
0.558837890625 -0.824462890625 -0.244384765625
0.5625 -0.730224609375 0.245849609375
0.66357421875 -0.42041015625 0.410888671875
1.112548828125 -0.35400390625 0.133056640625
1.17041015625 -0.443603515625 0.072509765625
0.875 -0.6142578125 -0.044189453125
0.91748046875 -0.4521484375 -0.091064453125
1.1181640625 -0.412353515625 0.02685546875
1.25244140625 -0.31640625 -0.205322265625
0.94775390625 -0.062255859375 -0.061767578125
0.904052734375 -0.244873046875 -0.0361328125
1.065185546875 -0.186767578125 -0.088134765625
0.940673828125 -0.087890625 -0.15380859375
0.866455078125 -0.108154296875 -0.100830078125
0.953857421875 -0.1748046875 -0.153564453125
0.98779296875 -0.191650390625 -0.084716796875
