-0.126220703125 -0.446044921875 0.97021484375
-0.372802734375 0.104736328125 0.716552734375
-0.040283203125 0.10400390625 0.54833984375
-0.317626953125 -1.247802734375 0.035888671875
-0.38427734375 -0.95166015625 -0.199462890625
-0.301025390625 -0.968017578125 -0.175537109375
-0.191650390625 -0.919921875 -0.322021484375
-0.1640625 -0.915771484375 -0.504638671875
-0.108154296875 -0.777587890625 0.00244140625
-0.025634765625 -1.16650390625 0.040771484375
0.01611328125 -0.77685546875 0.48583984375
0.002197265625 -0.672607421875 0.688232421875
0.0595703125 -0.491943359375 0.63916015625
-0.324951171875 -0.3564453125 0.498046875
0.35791015625 -0.64990234375 0.60107421875
0.583251953125 -0.857177734375 0.328125
1.05615234375 -0.52001953125 -0.03564453125
1.04248046875 -0.64794921875 0.11572265625
1.031494140625 -0.33544921875 -0.00830078125
1.0361328125 -0.324951171875 -0.092529296875
0.911376953125 -0.02392578125 -0.01708984375
0.9765625 -0.184326171875 -0.081787109375
0.96142578125 -0.2392578125 -0.010009765625
