0.8408203125 -0.619140625 0.201904296875 73.59756469726563 49.8780517578125 11.737805366516113
0.979248046875 -0.549072265625 0.326904296875 110.82317352294922 12.92682933807373 66.61585235595703
0.771240234375 -0.738037109375 0.283447265625 31.067073822021484 39.32926940917969 95.82317352294922
0.552490234375 -0.64892578125 0.32763671875 4.2682929039001465 33.01829528808594 130.18292236328125
0.441162109375 -0.558837890625 0.401123046875 2.8353660106658936 51.92073440551758 87.3780517578125
0.94677734375 -1.312255859375 -0.791259765625 42.774391174316406 -4.420732021331787 15.365854263305664
0.065185546875 -0.85693359375 0.774658203125 -9.420731544494629 -15.609756469726563 -5.6097564697265625
0.14599609375 -0.8056640625 0.80078125 -0.9756097793579102 -2.682926893234253 -12.743903160095215
-0.09423828125 -0.5185546875 0.3974609375 -69.29878234863281 12.987805366516113 -49.29878234863281
0.359619140625 -1.132568359375 0.169677734375 -140.73170471191406 34.26829528808594 -63.963417053222656
0.3466796875 -0.617919921875 0.009521484375 -95.48780822753906 25.609756469726563 -137.0426788330078
1.175048828125 -0.961181640625 -0.043212890625 6.554878234863281 -21.09756088256836 -173.90245056152344
0.8984375 -0.51806640625 -0.0537109375 30.0 -11.341464042663574 33.871952056884766
0.9482421875 -0.380126953125 0.072265625 62.28658676147461 -17.19512176513672 -0.3658536672592163
0.84033203125 -0.3466796875 0.019287109375 11.981707572937012 -6.006097793579102 -30.48780632019043
0.994384765625 -0.319091796875 -0.070068359375 29.817073822021484 -4.146341323852539 -45.51829528808594
0.918212890625 -0.274658203125 -0.00341796875 15.060976028442383 -15.457317352294922 -31.280488967895508
0.955078125 -0.19677734375 0.051025390625 -9.84756088256836 -8.47560977935791 0.5182926654815674
0.959716796875 -0.224365234375 0.0341796875 25.914634704589844 -13.140244483947754 -12.560976028442383
1.0283203125 -0.166748046875 0.0185546875 31.95121955871582 -4.756097793579102 -3.0182926654815674
1.036376953125 -0.159912109375 -0.052490234375 18.20121955871582 1.0670732259750366 4.237804889678955
0.971435546875 -0.126708984375 -0.094482421875 -7.012195110321045 2.3475611209869385 6.890244007110596
0.960693359375 -0.11767578125 -0.162109375 21.524391174316406 6.6768293380737305 -8.810976028442383
0.94287109375 -0.099609375 -0.139892578125 -8.170731544494629 5.762195110321045 4.603658676147461
0.97119140625 -0.19970703125 -0.024658203125 -11.585366249084473 -6.95121955871582 4.542683124542236
0.98974609375 -0.187255859375 0.03857421875 15.70121955871582 -10.12195110321045 -0.3658536672592163
0.994140625 -0.1484375 0.0068359375 0.09146341681480408 -0.060975611209869385 7.957317352294922
0.978759765625 -0.172119140625 -0.001708984375 2.2865853309631348 0.3353658616542816 -0.9146341681480408
0.97412109375 -0.204833984375 -0.021484375 4.359755992889404 -0.5487805008888245 -1.8292683362960815
0.96533203125 -0.20703125 -0.014892578125 5.030488014221191 -3.8719513416290283 0.6402438879013062
