0.899169921875 -0.8447265625 0.7236328125 -36.524391174316406 71.9817123413086 -19.390243530273438
0.75439453125 -0.547607421875 0.56396484375 126.70732116699219 47.80487823486328 28.35365867614746
0.521240234375 -0.365966796875 0.443115234375 65.57926940917969 116.89024353027344 66.76829528808594
0.17236328125 -0.271240234375 0.670654296875 60.51829528808594 91.37195587158203 48.414634704589844
-0.089111328125 -0.3359375 0.7470703125 13.353658676147461 36.432926177978516 30.975610733032227
0.166748046875 -0.358154296875 1.208251953125 -27.225610733032227 -13.90243911743164 -11.036585807800293
0.148681640625 -0.427978515625 0.93017578125 5.54878044128418 -24.29878044128418 -16.067073822021484
0.125732421875 -0.25634765625 0.972900390625 22.408536911010742 -6.189024448394775 -19.481708526611328
0.18359375 -0.17724609375 0.897705078125 9.054878234863281 39.20731735229492 7.1646342277526855
0.193603515625 -0.709716796875 0.534912109375 -38.32317352294922 -10.54878044128418 -24.84756088256836
0.22802734375 -0.3564453125 0.938720703125 -31.219512939453125 16.95121955871582 -9.87804889678955
0.2314453125 -0.214599609375 0.831298828125 -2.591463565826416 9.268293380737305 39.603660583496094
0.726318359375 -0.302978515625 0.20703125 -63.90243911743164 -24.725610733032227 -52.80487823486328
1.357177734375 -0.61328125 0.099609375 -95.8536605834961 -176.49391174316406 -129.90853881835938
0.990234375 -0.44140625 0.196044921875 14.87804889678955 -73.50609588623047 -115.0
0.892578125 -0.339599609375 0.095947265625 -105.09146881103516 -26.615854263305664 -32.713417053222656
1.0322265625 -0.27294921875 -0.03564453125 -7.378048896789551 -24.664634704589844 -15.27439022064209
0.920654296875 -0.194580078125 0.02392578125 -22.89634132385254 -10.731707572937012 -20.640243530273438
1.072509765625 -0.188720703125 0.0576171875 -11.79878044128418 -19.45121955871582 -24.08536720275879
1.0029296875 -0.154541015625 0.009033203125 -15.54878044128418 -1.0365853309631348 15.457317352294922
0.967041015625 -0.070068359375 -0.057861328125 16.4939022064209 -3.9939024448394775 -1.4634146690368652
1.01513671875 -0.083740234375 -0.082763671875 25.091463088989258 4.6646342277526855 1.1280487775802612
0.95947265625 -0.110595703125 -0.088134765625 -25.457317352294922 12.65243911743164 5.9146342277526855
0.945068359375 -0.09814453125 -0.09765625 2.4390244483947754 5.121951103210449 -4.512195110321045
1.024658203125 -0.145263671875 -0.039794921875 -27.13414764404297 5.487804889678955 5.54878044128418
0.994140625 -0.140869140625 -0.00537109375 -2.408536672592163 -3.5060975551605225 -4.512195110321045
1.008056640625 -0.158203125 -0.045654296875 -4.359755992889404 0.21341463923454285 0.4573170840740204
0.9716796875 -0.142578125 -0.020751953125 -2.6219513416290283 0.792682945728302 -1.0670732259750366
0.981689453125 -0.1318359375 0.0 -2.4390244483947754 -0.5487805008888245 -0.5182926654815674
0.98583984375 -0.15869140625 -0.016357421875 -10.12195110321045 3.353658676147461 -3.5060975551605225
0.98486328125 -0.160400390625 -0.01708984375 -7.743902683258057 3.7195122241973877 1.25
0.99267578125 -0.138427734375 7.32421875E-4 -3.5365853309631348 -0.18292683362960815 2.5304877758026123
0.989990234375 -0.148681640625 -0.00537109375 0.396341472864151 -1.4024391174316406 0.8231707811355591
0.996826171875 -0.1572265625 -0.018310546875 -0.5792683362960815 0.21341463923454285 -0.4268292784690857
