0.535888671875 -1.069580078125 -0.436767578125 -73.59756469726563 18.9939022064209 224.93902587890625
0.23193359375 -0.58984375 -0.2158203125 74.90853881835938 -115.88414764404297 157.31707763671875
0.150390625 -0.94140625 -0.145263671875 -61.95122146606445 -65.94512176513672 56.7378044128418
-0.473388671875 -1.1796875 -0.0185546875 54.20731735229492 15.243903160095215 -18.59756088256836
-0.2958984375 -0.8916015625 -0.03173828125 71.61585235595703 5.243902683258057 -33.32316970825195
-0.223388671875 -0.9189453125 0.093994140625 71.70732116699219 3.9634146690368652 -22.68292808532715
-0.09814453125 -0.934326171875 0.19677734375 32.43902587890625 -11.158536911010742 -7.682927131652832
0.039794921875 -0.935302734375 0.23876953125 23.20121955871582 -29.878049850463867 9.664634704589844
0.125244140625 -0.970458984375 0.23095703125 -19.359756469726563 -37.469512939453125 26.524391174316406
0.169921875 -1.020751953125 0.209228515625 -15.15243911743164 -27.68292808532715 12.591464042663574
0.18994140625 -0.94482421875 0.230224609375 -5.9146342277526855 -18.628049850463867 6.8597564697265625
0.090576171875 -0.951416015625 0.2021484375 7.865853786468506 -16.128049850463867 -6.128048896789551
0.955322265625 -1.042724609375 1.21875 11.37195110321045 -18.170732498168945 -22.83536720275879
0.194091796875 -0.83203125 0.2265625 45.121952056884766 -11.25 10.365854263305664
0.4775390625 -0.63134765625 0.652099609375 -35.60975646972656 14.359756469726563 13.353658676147461
0.354736328125 -0.445068359375 0.05810546875 -65.51829528808594 5.853658676147461 -36.76829528808594
0.79736328125 -0.3759765625 -0.2353515625 -128.3841552734375 66.34146118164063 -191.6768341064453
2.266357421875 -0.749755859375 -0.740966796875 -61.067073822021484 151.21951293945313 -316.31097412109375
1.5615234375 -0.83984375 -0.313720703125 -107.1036605834961 -24.08536720275879 -137.77439880371094
0.939697265625 -0.451904296875 -0.19775390625 -66.95121765136719 33.10975646972656 -56.585365295410156
0.845703125 -0.558349609375 -0.066650390625 -166.8292694091797 -21.4939022064209 27.13414764404297
0.947265625 -0.403076171875 0.272705078125 1.7987805604934692 -70.88414764404297 57.3780517578125
1.365966796875 0.064208984375 0.970703125 214.60366821289063 -72.2256088256836 -5.3353657722473145
1.010498046875 -0.206787109375 0.09130859375 -9.756097793579102 3.0487804412841797 15.243903160095215
0.931884765625 -0.2705078125 -0.06494140625 -4.756097793579102 5.792683124542236 19.237804412841797
0.95654296875 -0.259033203125 0.009521484375 12.530488014221191 -21.707317352294922 16.158536911010742
0.966064453125 -0.2890625 -0.00390625 15.060976028442383 -4.054878234863281 -7.835366249084473
0.997802734375 -0.288330078125 -0.046875 4.237804889678955 6.981707572937012 -16.615854263305664
0.95751953125 -0.31201171875 -0.089599609375 -2.4390244483947754 4.847560882568359 -20.457317352294922
0.971923828125 -0.301025390625 -0.10009765625 -12.256097793579102 4.115853786468506 -6.006097793579102
1.003173828125 -0.276123046875 -0.076171875 -32.560977935791016 6.219512462615967 18.59756088256836
1.0224609375 -0.271728515625 -0.021728515625 -31.829269409179688 3.3231709003448486 15.304878234863281
0.94775390625 -0.235595703125 0.09912109375 19.84756088256836 -5.121951103210449 7.439024448394775
0.973876953125 -0.168701171875 0.053466796875 -26.43292808532715 29.93902587890625 -16.707317352294922
0.9306640625 -0.2421875 0.008056640625 -41.128047943115234 18.231708526611328 -15.54878044128418
0.93310546875 -0.265869140625 0.05419921875 -28.109756469726563 2.9268293380737305 -14.268293380737305
