0.908447265625 -0.52099609375 -0.022216796875 49.72561264038086 33.871952056884766 -9.817073822021484
0.900146484375 -0.49658203125 -0.045654296875 138.32318115234375 -33.719512939453125 3.658536672592163
0.934814453125 -0.60595703125 -0.027099609375 126.64634704589844 -15.487805366516113 15.060976028442383
0.8525390625 -0.808837890625 0.033935546875 182.8048858642578 -1.6158536672592163 46.18902587890625
0.958251953125 -0.89404296875 0.508544921875 156.7073211669922 60.73170852661133 130.2134246826172
0.6884765625 -0.511474609375 0.554443359375 88.32317352294922 98.56707763671875 143.68902587890625
0.41162109375 -0.290771484375 0.47265625 9.115854263305664 50.060977935791016 79.0243911743164
0.211181640625 -0.078125 1.285888671875 -45.09146499633789 -75.8536605834961 85.36585235595703
-0.02685546875 -0.367919921875 0.977294921875 7.134146690368652 -24.420732498168945 23.170732498168945
0.217041015625 -0.469482421875 1.02294921875 11.432927131652832 -29.29878044128418 6.067073345184326
-0.217041015625 -0.498291015625 0.488037109375 -31.219512939453125 30.88414764404297 7.77439022064209
0.234375 -0.6015625 0.43115234375 -134.81707763671875 -3.2317073345184326 -100.82317352294922
0.57763671875 -0.69775390625 0.1943359375 -84.57317352294922 -71.82926940917969 -179.90853881835938
1.307373046875 -0.7216796875 0.175537109375 -11.829268455505371 -68.65853881835938 -161.03659057617188
0.98486328125 -0.580078125 0.129638671875 13.140244483947754 -19.420732498168945 -33.90243911743164
1.03466796875 -0.27685546875 0.03125 63.567073822021484 -11.310976028442383 -1.1890244483947754
0.89794921875 -0.352783203125 -0.059814453125 -109.35975646972656 14.054878234863281 -14.908536911010742
1.1689453125 -0.2900390625 -0.09423828125 -25.18292808532715 7.0731706619262695 -19.573171615600586
0.867919921875 -0.168212890625 0.055419921875 -24.176830291748047 -9.512195587158203 9.664634704589844
0.920166015625 -0.183837890625 0.130126953125 18.628049850463867 -5.579268455505371 -9.84756088256836
1.009765625 -0.19775390625 -0.077880859375 -9.420731544494629 8.810976028442383 11.768293380737305
0.914794921875 -0.154541015625 -0.06640625 1.097561001777649 -1.2804877758026123 12.317073822021484
1.03759765625 -0.173095703125 -0.081298828125 21.371952056884766 -4.1768293380737305 -11.493903160095215
0.911865234375 -0.245849609375 -0.10546875 -8.59756088256836 4.939024448394775 -5.97560977935791
1.020751953125 -0.263671875 -0.10400390625 -13.62804889678955 7.286585330963135 1.2195122241973877
1.018798828125 -0.2529296875 -0.046142578125 -6.829268455505371 -3.2317073345184326 2.987804889678955
0.9609375 -0.168701171875 0.023193359375 15.213415145874023 -0.7621951103210449 -3.262195110321045
0.98828125 -0.200439453125 -0.035888671875 -1.5243902206420898 1.097561001777649 -1.0060975551605225
0.966552734375 -0.2509765625 -0.04150390625 -20.0 4.847560882568359 3.353658676147461
0.98291015625 -0.22314453125 -0.0146484375 -4.054878234863281 0.5792683362960815 1.1890244483947754
0.96630859375 -0.241455078125 -0.02783203125 -2.77439022064209 1.0365853309631348 -0.6402438879013062
