0.9814453125 -0.029296875 -0.168212890625
0.982177734375 -0.0576171875 -0.16796875
0.97900390625 -0.06005859375 -0.16064453125
0.983642578125 -0.054443359375 -0.16455078125
0.9765625 -0.0595703125 -0.163818359375
0.981689453125 -0.0595703125 -0.164794921875
0.98583984375 -0.058349609375 -0.164306640625
0.982421875 -0.06396484375 -0.160400390625
0.976318359375 -0.076416015625 -0.16259765625
0.9853515625 -0.0595703125 -0.15869140625
0.984619140625 -0.05859375 -0.167236328125
0.9658203125 -0.075927734375 -0.16943359375
1.016357421875 -0.189697265625 -0.17041015625
1.05517578125 -0.358154296875 -0.063720703125
1.184326171875 -0.751220703125 -0.014404296875
0.95263671875 -0.91845703125 0.10791015625
0.380126953125 -0.575927734375 0.301025390625
-0.191650390625 -0.614501953125 0.2724609375
-0.409912109375 -0.474853515625 0.201171875
-0.3173828125 -1.319091796875 -1.1142578125
-0.322509765625 -0.906494140625 -0.46044921875
-0.369384765625 -0.80517578125 -0.468505859375
-0.3984375 -0.813232421875 -0.5087890625
-0.24755859375 -0.85546875 -0.5048828125
-0.220947265625 -0.836181640625 -0.548583984375
-0.185791015625 -0.843994140625 -0.652099609375
-0.1494140625 -0.7451171875 -0.553466796875
-0.181884765625 -0.83056640625 -0.493896484375
-0.115234375 -0.94482421875 -0.33056640625
-0.130615234375 -0.966796875 -0.276123046875
-0.158203125 -1.01416015625 -0.281005859375
-0.123046875 -0.87255859375 -0.174560546875
-0.164794921875 0.052490234375 0.123291015625
0.07080078125 -0.84716796875 0.146728515625
1.257080078125 -0.912109375 -0.107666015625
1.14208984375 -0.6787109375 -0.14404296875
1.048095703125 -0.2763671875 -0.0947265625
0.994140625 -0.083251953125 -0.075927734375
1.04541015625 -0.17333984375 -0.07373046875
0.953857421875 -0.149169921875 0.00830078125
0.97802734375 -0.165283203125 -0.0107421875
1.011962890625 -0.188720703125 -0.01171875
0.977294921875 -0.139892578125 0.0078125
