0.38330078125 -0.62939453125 0.332763671875 -85.0 53.6280517578125 -11.280488014221191
0.63037109375 -0.871826171875 -0.58349609375 -113.93292999267578 -11.829268455505371 5.060975551605225
0.8330078125 -1.254150390625 0.080078125 49.603660583496094 -31.676830291748047 -14.695122718811035
1.381591796875 -0.635986328125 0.14892578125 50.82317352294922 -3.7195122241973877 1.3109756708145142
0.945556640625 -0.5986328125 0.42822265625 -77.25609588623047 97.13414764404297 100.21341705322266
-0.082763671875 -0.5810546875 -0.135986328125 -293.44512939453125 161.5853729248047 101.76829528808594
-0.171142578125 -0.6708984375 -0.8388671875 -313.93292236328125 10.97560977935791 106.67683410644531
-0.035400390625 -0.709228515625 -0.743896484375 -30.39634132385254 -6.646341800689697 57.04268264770508
-0.062255859375 -0.775634765625 -0.8203125 -26.64634132385254 -7.439024448394775 -1.5548781156539917
-0.095703125 -0.584716796875 -0.77392578125 8.353658676147461 -5.396341800689697 -0.12195122241973877
-0.11572265625 -0.558349609375 -0.8076171875 11.40243911743164 -3.841463565826416 2.896341562271118
-0.12548828125 -0.602783203125 -0.763671875 10.579268455505371 -2.7134146690368652 -0.7317073345184326
-0.099365234375 -0.708740234375 -0.71923828125 30.54878044128418 -0.21341463923454285 -8.47560977935791
-0.09423828125 -0.945556640625 -0.622802734375 106.79878234863281 21.859756469726563 -20.70121955871582
0.051513671875 -0.78955078125 -0.425537109375 213.35366821289063 -5.70121955871582 -80.21341705322266
0.2509765625 -0.87060546875 0.032470703125 135.0 -70.64024353027344 -73.75
0.476806640625 -1.025634765625 0.4326171875 30.0 -75.12195587158203 -8.170731544494629
0.434814453125 -0.7646484375 0.395751953125 32.774391174316406 0.27439025044441223 35.67073440551758
0.15966796875 -0.772705078125 0.27880859375 19.08536720275879 -63.2621955871582 -9.542683601379395
0.322021484375 -0.0068359375 0.456787109375 40.030487060546875 -37.34756088256836 -32.92683029174805
0.516845703125 -0.7451171875 0.178466796875 -13.445122718811035 -27.68292808532715 -53.414634704589844
0.69482421875 -0.03564453125 0.40625 32.621952056884766 -1.5548781156539917 -1.3719512224197388
0.679443359375 -0.5927734375 0.197021484375 -146.6768341064453 42.378047943115234 -50.45731735229492
0.615966796875 -0.838134765625 -0.1220703125 -40.274391174316406 -7.1646342277526855 6.097560882568359
0.568115234375 -0.584716796875 0.078369140625 -49.57317352294922 -3.5365853309631348 -14.329268455505371
0.564208984375 -0.522216796875 0.0439453125 -69.35975646972656 25.274391174316406 -63.90243911743164
1.34716796875 -0.695068359375 0.055908203125 51.25 34.756099700927734 -159.93902587890625
1.14990234375 -0.228759765625 0.091064453125 104.08536529541016 -26.615854263305664 46.85975646972656
0.781005859375 -0.239501953125 0.117919921875 -11.067073822021484 15.335366249084473 37.04268264770508
0.93896484375 -0.34228515625 0.087646484375 6.310975551605225 -2.8048782348632813 -18.871952056884766
0.974609375 -0.2822265625 0.171875 5.853658676147461 -6.280488014221191 -2.0731706619262695
