1.216796875 -0.488037109375 0.170166015625
0.9462890625 -0.43505859375 0.216064453125
0.67626953125 -0.398681640625 0.208984375
0.46533203125 -0.432861328125 0.465576171875
0.371337890625 -0.5673828125 -0.836669921875
0.75537109375 -0.6015625 0.359619140625
0.6396484375 -0.798095703125 0.376953125
1.49853515625 -0.20458984375 0.174560546875
0.82861328125 -0.60546875 0.46484375
0.230712890625 -0.283447265625 0.065673828125
-0.2265625 -0.549560546875 -0.8984375
-0.11572265625 -0.578857421875 -0.87353515625
0.22802734375 -0.883544921875 -0.5283203125
-0.210693359375 -0.620849609375 -0.858642578125
-0.162109375 -0.59375 -0.725830078125
-0.200927734375 -0.6630859375 -0.6826171875
-0.20068359375 -0.72119140625 -0.6611328125
-0.112060546875 -0.88037109375 -0.56982421875
0.01904296875 -0.933837890625 -0.50048828125
0.166259765625 -0.659423828125 -0.28466796875
0.756591796875 -1.010986328125 0.1982421875
0.72119140625 -1.1826171875 0.654052734375
0.427734375 -0.57421875 0.308837890625
0.212158203125 -0.388671875 0.257080078125
0.789306640625 -0.84912109375 0.43359375
0.69873046875 -0.680419921875 0.21630859375
0.650146484375 -0.644775390625 0.34619140625
0.21337890625 -0.631103515625 0.031494140625
0.71044921875 -0.896484375 -0.0439453125
0.904052734375 0.240966796875 0.604736328125
0.737060546875 -0.998046875 0.262451171875
0.479736328125 -0.567138671875 0.37158203125
0.40234375 -0.3828125 0.412353515625
0.346923828125 -1.13427734375 -0.2333984375
0.7099609375 -1.173828125 -0.1826171875
0.643798828125 -0.7841796875 0.578857421875
0.46142578125 -0.89697265625 0.59326171875
0.315185546875 -0.750244140625 0.316650390625
0.256103515625 -0.91650390625 0.105224609375
0.593505859375 -0.97119140625 0.33544921875
0.678955078125 -0.80078125 0.238525390625
0.489501953125 -0.84033203125 0.263671875
0.31201171875 -1.111572265625 0.13671875
0.112060546875 -0.946044921875 0.260498046875
0.54345703125 -0.65087890625 0.3896484375
1.13720703125 -0.86669921875 0.729736328125
0.5771484375 -0.850830078125 0.195068359375
0.475830078125 -1.033447265625 -0.11669921875
0.5556640625 -0.056884765625 0.447021484375
0.828857421875 -0.876708984375 0.13720703125
0.495361328125 -0.577880859375 0.094970703125
