-0.0830078125 -0.429931640625 0.915771484375
-0.093994140625 -0.424072265625 0.916748046875
-0.069091796875 -0.52392578125 0.986083984375
-0.46923828125 -1.3505859375 0.683837890625
-0.705078125 -1.00146484375 0.290771484375
-0.483154296875 -0.60205078125 0.2138671875
-0.573486328125 -0.36181640625 0.498779296875
-0.772705078125 -0.480224609375 0.573974609375
-0.427001953125 -0.06787109375 0.736572265625
-0.45068359375 0.2998046875 0.561279296875
-0.22216796875 0.4951171875 0.427001953125
-0.029052734375 0.89306640625 0.411865234375
0.0859375 1.202392578125 0.27734375
-0.430419921875 0.420166015625 0.3896484375
-0.718017578125 -0.296142578125 0.74072265625
-0.277099609375 -0.177978515625 1.29296875
-0.06787109375 -0.218994140625 0.94580078125
-0.0537109375 0.025146484375 1.053955078125
-0.072021484375 -0.30615234375 0.974609375
-0.018798828125 -0.136962890625 1.0205078125
-0.015380859375 -0.147216796875 1.0146484375
-0.026123046875 -0.171875 1.005126953125
-0.0205078125 -0.165283203125 1.0107421875
-0.017822265625 -0.164306640625 1.008056640625
-0.02734375 -0.162841796875 1.007080078125
-0.01953125 -0.162841796875 1.010498046875
