-0.43603515625 -1.22021484375 0.648193359375
-0.9755859375 -1.5322265625 -0.396728515625
-0.482666015625 -0.59912109375 -0.0673828125
-0.64501953125 -0.449951171875 0.40576171875
-0.597412109375 -0.3984375 0.56005859375
-0.4189453125 0.35302734375 0.39208984375
-0.10986328125 0.667724609375 0.458251953125
-0.126708984375 1.1279296875 0.29052734375
-0.3837890625 0.835693359375 0.171142578125
-0.5419921875 0.1181640625 0.552490234375
-0.415283203125 -0.51171875 0.663818359375
1.732177734375 -5.412109375 5.517822265625
0.16796875 -0.0888671875 1.178466796875
-0.030029296875 -0.525146484375 0.891357421875
-0.0869140625 -0.465576171875 0.900634765625
-0.085205078125 -0.48095703125 0.895751953125
-0.077392578125 -0.46728515625 0.897705078125
-0.0791015625 -0.462158203125 0.90625
-0.0791015625 -0.45849609375 0.90185546875
-0.07421875 -0.478271484375 0.89794921875
-0.08642578125 -0.480712890625 0.89501953125
-0.080322265625 -0.4677734375 0.89892578125
-0.077880859375 -0.477294921875 0.899169921875
-0.085205078125 -0.46826171875 0.8974609375
-0.080810546875 -0.47119140625 0.89501953125
-0.0888671875 -0.474609375 0.89599609375
