-0.024658203125 -0.15966796875 1.00830078125 -58.20122146606445 67.2256088256836 -19.176830291748047
-0.023681640625 -0.159912109375 1.007080078125 -1.5243902206420898 -0.09146341681480408 -0.4573170840740204
-0.02197265625 -0.160888671875 1.010986328125 -1.432926893234253 0.21341463923454285 -0.396341472864151
-0.074462890625 0.0927734375 1.36669921875 -45.030487060546875 8.445121765136719 4.146341323852539
-1.106201171875 -2.898193359375 0.389404296875 -408.56707763671875 -23.90243911743164 429.2378234863281
0.7744140625 0.015380859375 2.134033203125 -24.359756469726563 -178.01829528808594 267.743896484375
0.55419921875 0.043701171875 -0.2666015625 314.1768493652344 -141.34146118164063 146.64634704589844
0.4892578125 1.570556640625 1.00244140625 -63.93292999267578 -10.792683601379395 -191.49391174316406
-0.2099609375 -0.61376953125 0.339111328125 -12.896341323852539 92.3780517578125 -520.8841552734375
0.103271484375 -1.345947265625 2.385986328125 382.2256164550781 -170.2134246826172 -165.5792694091797
-0.2275390625 -0.172607421875 0.379638671875 54.5121955871582 -43.04878234863281 41.76829528808594
-0.029541015625 0.319580078125 0.908935546875 -73.44512176513672 44.78658676147461 29.817073822021484
-0.076171875 -0.20166015625 1.0478515625 11.615854263305664 8.62804889678955 4.2682929039001465
-0.099365234375 -0.4658203125 0.890625 -32.80487823486328 8.62804889678955 0.5792683362960815
-0.04052734375 -0.412353515625 0.932861328125 -12.591464042663574 -5.884146690368652 -0.7012195587158203
-0.0703125 -0.37255859375 0.94580078125 -0.5487805008888245 5.27439022064209 0.060975611209869385
-0.0244140625 -0.425537109375 0.8984375 -5.152439117431641 -1.3414634466171265 -4.45121955871582
-0.051513671875 -0.477783203125 0.913818359375 -6.554878234863281 3.7804880142211914 -0.4268292784690857
-0.01904296875 -0.43505859375 0.916259765625 9.207317352294922 0.060975611209869385 1.3109756708145142
-0.0771484375 -0.376953125 0.9462890625 -0.5792683362960815 5.3353657722473145 5.213414669036865
-0.048583984375 -0.423583984375 0.91650390625 -6.8597564697265625 1.4024391174316406 2.4390244483947754
-0.074462890625 -0.448974609375 0.88134765625 -7.957317352294922 0.7621951103210449 1.6768293380737305
-0.080322265625 -0.430908203125 0.926513671875 0.030487805604934692 0.27439025044441223 -1.3414634466171265
