-0.2607421875 -0.878173828125 0.884765625
-0.47119140625 -0.798095703125 0.705810546875
-0.557373046875 -0.367431640625 0.54296875
-0.73779296875 -0.384521484375 0.5498046875
-0.81884765625 -0.17333984375 0.48974609375
-0.93505859375 -0.125 0.4921875
-0.776123046875 -0.15576171875 0.513916015625
-0.69287109375 -0.251953125 0.66796875
-0.640869140625 -0.09814453125 0.73828125
-0.52490234375 0.105224609375 0.703857421875
-0.335693359375 0.3505859375 0.627197265625
-0.21484375 0.720703125 0.851318359375
-0.29345703125 0.525146484375 0.48828125
-0.0947265625 0.966552734375 0.45458984375
0.2158203125 1.215576171875 0.38818359375
-0.017822265625 0.7880859375 0.447265625
-0.06201171875 0.79052734375 0.608154296875
-0.2470703125 -0.214111328125 0.801025390625
-0.220703125 -0.204345703125 1.07763671875
-0.296875 -0.511474609375 1.20361328125
-0.179443359375 -0.39697265625 0.743896484375
0.028564453125 -0.136474609375 0.72265625
-0.0283203125 -0.555908203125 0.976318359375
-0.0712890625 -0.467529296875 0.90380859375
-0.033447265625 -0.476806640625 0.892333984375
-0.06103515625 -0.486328125 0.89599609375
-0.048828125 -0.488525390625 0.89013671875
-0.049560546875 -0.49609375 0.884765625
-0.052734375 -0.4951171875 0.880859375
-0.05712890625 -0.498046875 0.8818359375
