-0.248046875 -1.423583984375 0.86962890625
-0.34912109375 -0.755126953125 0.59912109375
-0.576171875 -0.65283203125 0.501220703125
-0.744384765625 -0.598388671875 0.513427734375
-0.833984375 -0.37646484375 0.42578125
-0.76318359375 -0.37109375 0.420654296875
-0.6904296875 -0.275390625 0.612060546875
-0.592041015625 -0.09912109375 0.669189453125
-0.418701171875 0.3056640625 0.591552734375
-0.1376953125 0.4853515625 0.556640625
0.015380859375 0.84716796875 0.303955078125
-0.224853515625 0.998291015625 0.243408203125
-0.2001953125 1.068115234375 0.334228515625
-0.42919921875 0.72314453125 0.29248046875
-0.634521484375 0.536376953125 0.380126953125
-0.64599609375 0.142578125 0.736083984375
-0.540283203125 -0.07177734375 0.933349609375
-0.144775390625 -0.193359375 1.23583984375
0.082275390625 -0.26171875 0.8427734375
0.0966796875 0.008056640625 0.910400390625
0.001708984375 -0.16064453125 1.005615234375
0.010009765625 -0.1806640625 1.010986328125
0.0048828125 -0.196044921875 1.00048828125
-0.001953125 -0.220458984375 1.00146484375
