-0.5703125 -1.155517578125 0.3154296875
-0.612060546875 -0.93212890625 0.075439453125
-0.475341796875 -0.482421875 0.3720703125
-0.457275390625 -0.098876953125 0.699951171875
-0.51806640625 -0.276611328125 0.747314453125
-0.524658203125 0.03076171875 0.631103515625
-0.189697265625 0.49951171875 0.428466796875
-0.013427734375 0.90380859375 0.32421875
-0.26904296875 1.023193359375 0.151611328125
-0.409912109375 0.35791015625 0.2158203125
-0.3203125 -0.74169921875 1.220458984375
-0.192138671875 -0.815673828125 1.25537109375
-0.15625 -0.388427734375 0.9873046875
-0.08984375 -0.21337890625 0.947998046875
-0.064208984375 -0.389892578125 1.017822265625
-0.031982421875 -0.4638671875 0.955078125
-0.03125 -0.4208984375 0.93310546875
-0.051513671875 -0.427490234375 0.924560546875
-0.06396484375 -0.468505859375 0.904052734375
-0.06884765625 -0.511962890625 0.89208984375
-0.06298828125 -0.486328125 0.89453125
-0.074951171875 -0.481201171875 0.88037109375
-0.059326171875 -0.47216796875 0.890869140625
-0.06494140625 -0.48388671875 0.884765625
