-0.086181640625 -0.499755859375 0.87890625 -59.54268264770508 69.0243911743164 -19.115854263305664
-0.08251953125 -0.497802734375 0.87646484375 -1.8902440071105957 0.6707317233085632 -0.3353658616542816
-0.118408203125 -0.512451171875 0.9404296875 8.32317066192627 -2.682926893234253 4.237804889678955
-0.21533203125 -1.320556640625 0.87646484375 -178.14024353027344 7.957317352294922 114.20732116699219
-0.587646484375 -1.00244140625 0.44091796875 -172.256103515625 -40.24390411376953 211.4634246826172
-0.43408203125 -0.60205078125 0.25341796875 -81.67683410644531 -107.95732116699219 191.1280517578125
-0.502685546875 -0.35009765625 0.59033203125 -28.93292808532715 -83.56707763671875 109.93902587890625
-0.65771484375 -0.125732421875 0.62646484375 1.4024391174316406 -53.07926940917969 31.219512939453125
-0.724609375 -0.30419921875 0.704833984375 27.89634132385254 -36.03658676147461 40.09146499633789
-0.562744140625 -0.070556640625 0.637451171875 98.6280517578125 -35.030487060546875 31.55487823486328
-0.345947265625 0.259521484375 0.601806640625 135.39634704589844 -33.84146499633789 55.94512176513672
-0.1904296875 0.7744140625 0.564208984375 107.59146881103516 -16.280488967895508 13.780488014221191
-0.375732421875 0.7666015625 0.521728515625 57.469512939453125 -31.64634132385254 -16.158536911010742
-0.239990234375 0.865234375 0.50732421875 48.871952056884766 -23.658536911010742 -113.56707763671875
-0.538330078125 0.438232421875 0.31201171875 -3.932926893234253 -48.353660583496094 -235.3353729248047
-0.541259765625 -0.0888671875 0.57861328125 18.109756469726563 -125.24390411376953 -265.7317199707031
-0.204833984375 -0.929443359375 1.462890625 110.24390411376953 -97.53048706054688 -131.40243530273438
-0.123291015625 -0.26806640625 0.971435546875 -11.890244483947754 -37.34756088256836 -33.17073059082031
-0.055419921875 -0.016845703125 0.84619140625 37.92683029174805 -3.5060975551605225 3.9634146690368652
-0.10986328125 -0.4619140625 0.933349609375 -81.46341705322266 10.731707572937012 -23.719512939453125
-0.034912109375 -0.403564453125 0.93017578125 12.408536911010742 -5.060975551605225 3.567073345184326
-0.0693359375 -0.46826171875 0.9013671875 -11.67682933807373 5.487804889678955 -2.8048782348632813
-0.080810546875 -0.4462890625 0.913330078125 -2.012195110321045 0.7621951103210449 -0.4268292784690857
-0.07568359375 -0.44189453125 0.908447265625 -1.25 1.3109756708145142 -0.030487805604934692
-0.08935546875 -0.462646484375 0.90380859375 -2.0731706619262695 0.5182926654815674 -0.3048780560493469
