0.156982421875 -0.36181640625 0.55859375
3.295654296875 -0.47705078125 0.195068359375
0.04638671875 -0.32568359375 1.080810546875
0.203857421875 -0.34423828125 0.71142578125
0.177490234375 -0.317138671875 0.700927734375
0.302001953125 -0.61279296875 0.537841796875
0.276123046875 -0.74951171875 0.459716796875
0.752197265625 -0.881591796875 0.133544921875
0.9951171875 -1.12451171875 -0.449951171875
0.953857421875 -0.660888671875 -0.06640625
0.96142578125 -0.199462890625 0.0361328125
0.896484375 -0.38330078125 -0.055419921875
0.951416015625 -0.320068359375 -0.0087890625
0.917236328125 -0.244140625 0.24267578125
0.922119140625 -0.37109375 0.041259765625
0.935302734375 -0.34521484375 0.04541015625
0.938232421875 -0.364990234375 0.1220703125
0.930419921875 -0.36181640625 0.087158203125
0.9326171875 -0.37451171875 0.11962890625
0.933349609375 -0.3486328125 0.109375
0.939697265625 -0.3388671875 0.110595703125
0.9384765625 -0.30908203125 0.092529296875
0.941650390625 -0.29833984375 0.100341796875
0.944580078125 -0.3115234375 0.097412109375
