0.90771484375 -0.22900390625 0.09228515625
1.081787109375 -0.08056640625 0.314208984375
0.926025390625 -0.42236328125 0.23974609375
1.07373046875 -1.170654296875 0.7138671875
0.391357421875 -1.2236328125 0.377197265625
-0.015869140625 -0.619873046875 0.18896484375
0.07373046875 -0.496826171875 0.387939453125
0.4296875 -0.461669921875 0.5859375
0.60009765625 -0.631103515625 1.264404296875
-0.087646484375 -0.855712890625 0.733154296875
0.2333984375 -0.755859375 0.499267578125
0.14404296875 -0.702880859375 0.296630859375
0.041015625 -0.547607421875 0.15380859375
0.673828125 -0.743408203125 -0.05419921875
1.4765625 -0.95068359375 -0.30078125
1.067626953125 -0.728271484375 -0.06982421875
0.924560546875 -0.451416015625 0.196533203125
0.997802734375 -0.388671875 -0.0234375
0.96044921875 -0.422119140625 -0.08447265625
0.94970703125 -0.326904296875 -0.02978515625
0.9453125 -0.268798828125 0.0947265625
0.92626953125 -0.37841796875 0.257080078125
0.893798828125 -0.361328125 0.147705078125
0.94677734375 -0.324951171875 0.134765625
0.923583984375 -0.316650390625 0.169189453125
0.92431640625 -0.373046875 0.159912109375
0.916259765625 -0.360595703125 0.149658203125
