0.81103515625 -1.1552734375 0.500732421875
0.657470703125 -1.344970703125 0.414306640625
-0.084228515625 -0.5478515625 0.27880859375
-0.08203125 -0.462158203125 0.22705078125
0.2890625 -0.707763671875 0.4970703125
0.642822265625 -0.558837890625 0.403076171875
0.09912109375 -0.695068359375 0.8896484375
0.16455078125 -0.611083984375 0.533935546875
0.25244140625 -0.651611328125 0.544189453125
0.03466796875 -0.706787109375 0.358642578125
0.25439453125 -0.78759765625 -0.376953125
0.78271484375 -0.869140625 -0.01416015625
1.595458984375 -0.9443359375 -0.00927734375
1.09716796875 -0.44287109375 0.13232421875
0.95263671875 0.046875 0.114501953125
0.9990234375 -0.421142578125 -0.0390625
0.92919921875 -0.317138671875 -0.028076171875
0.941650390625 -0.27587890625 0.00732421875
0.990234375 -0.089599609375 0.194091796875
