1.4638671875 -1.23095703125 0.32421875 53.810977935791016 85.18292999267578 43.68902587890625
0.1953125 -0.234619140625 -0.059814453125 -62.5 180.94512939453125 226.89024353027344
-0.19970703125 -0.29443359375 -0.267578125 53.47561264038086 169.2073211669922 241.09756469726563
0.127685546875 -0.7236328125 -0.626953125 -150.4573211669922 139.2987823486328 87.92683410644531
-0.5849609375 -1.599609375 -0.246337890625 -216.4329376220703 -53.68902587890625 -94.0243911743164
-0.380615234375 -1.01611328125 0.20947265625 61.28049087524414 -20.426830291748047 -1.0060975551605225
-0.353515625 -1.24365234375 0.58349609375 51.6158561706543 -48.29268264770508 -24.024391174316406
-0.4208984375 -1.216064453125 -0.14697265625 36.067073822021484 11.79878044128418 -43.2621955871582
-0.642822265625 -0.8369140625 -1.010009765625 24.93902587890625 109.7256088256836 64.20732116699219
-0.18359375 -0.79638671875 1.0830078125 -3.658536672592163 3.5975611209869385 105.18292999267578
0.024169921875 -0.384033203125 0.582763671875 83.01829528808594 -32.835365295410156 -48.10975646972656
-0.316162109375 -0.568359375 1.377685546875 129.3292694091797 -102.92683410644531 -3.7195122241973877
-0.660400390625 -1.130615234375 0.7021484375 12.92682933807373 -57.22561264038086 -11.067073822021484
-0.95556640625 -0.58349609375 -0.6767578125 -156.7073211669922 119.57317352294922 -6.341463565826416
-0.95263671875 -0.15966796875 -0.622802734375 -167.04269409179688 119.17683410644531 68.87195587158203
-0.756591796875 -1.1083984375 -0.6396484375 141.5853729248047 109.4817123413086 64.35975646972656
-0.190673828125 -0.6357421875 0.296142578125 -26.4939022064209 -42.13414764404297 -24.268293380737305
0.26806640625 -0.796875 0.453369140625 21.890243530273438 -33.567073822021484 -39.26829528808594
0.12841796875 -0.58544921875 0.040771484375 62.53049087524414 -45.45731735229492 -48.29268264770508
0.383544921875 -0.90380859375 -0.689453125 -143.75 6.432927131652832 -124.81707763671875
1.451171875 -0.26513671875 -0.088134765625 -171.61585998535156 122.74390411376953 -240.97561645507813
0.895751953125 -0.49462890625 0.03564453125 -19.908536911010742 99.54268646240234 -364.7865905761719
0.887451171875 0.25146484375 0.16943359375 -48.23170852661133 -36.18902587890625 -47.92683029174805
0.9130859375 -0.029052734375 0.006591796875 254.90853881835938 33.90243911743164 -30.33536720275879
1.096435546875 -0.26953125 -0.07421875 184.93902587890625 70.54878234863281 11.95121955871582
1.060546875 -0.165283203125 -0.08154296875 -44.93902587890625 18.38414764404297 81.1280517578125
0.900634765625 -0.1513671875 0.015380859375 43.99390411376953 2.6219513416290283 85.42683410644531
0.906982421875 -0.216552734375 0.05322265625 8.353658676147461 -33.84146499633789 49.20731735229492
1.100341796875 -0.25732421875 0.090576171875 -20.579269409179688 -35.213417053222656 -25.70121955871582
1.118896484375 -0.272216796875 0.04443359375 -4.0853657722473145 -17.073171615600586 -82.95732116699219
1.0 -0.30859375 -0.002197265625 -50.97561264038086 14.72560977935791 -51.03658676147461
0.928955078125 -0.315673828125 -0.02685546875 -80.06097412109375 32.713417053222656 -7.439024448394775
0.933837890625 -0.29248046875 -0.003662109375 -57.713417053222656 28.5060977935791 10.609756469726563
0.950927734375 -0.2724609375 0.03857421875 -39.26829528808594 10.487805366516113 26.707317352294922
0.974609375 -0.23583984375 0.073974609375 -23.079269409179688 -1.3109756708145142 26.58536720275879
0.97509765625 -0.26416015625 0.06884765625 -17.865854263305664 2.195122003555298 6.737804889678955
1.0107421875 -0.310791015625 0.058837890625 -44.969512939453125 12.957317352294922 -22.957317352294922
0.92822265625 -0.342529296875 -0.007568359375 -53.963417053222656 27.89634132385254 -41.7378044128418
