0.254150390625 -0.85693359375 0.33447265625
-0.06298828125 -0.443115234375 0.40869140625
0.036865234375 -0.88525390625 0.268798828125
0.136474609375 -0.363525390625 0.83642578125
-0.009765625 -0.736572265625 1.056396484375
0.32275390625 -0.3203125 0.524658203125
0.12646484375 -0.4375 0.2236328125
0.390380859375 -0.790771484375 -0.071533203125
1.46484375 -0.846435546875 -0.08056640625
1.45068359375 -0.185546875 0.2197265625
0.931396484375 0.1123046875 0.3427734375
0.98095703125 -0.474853515625 -0.13525390625
0.94482421875 -0.2998046875 -0.1142578125
0.87353515625 -0.21435546875 -0.018798828125
