0.614501953125 -1.228515625 0.611572265625
0.137451171875 -0.45751953125 0.255126953125
0.096435546875 -0.538330078125 0.210693359375
0.088623046875 -0.837890625 0.40673828125
0.0087890625 -1.125244140625 0.444091796875
9.765625E-4 -0.795166015625 0.391357421875
0.185302734375 -0.67431640625 0.267822265625
0.025634765625 -0.61572265625 0.43408203125
0.44970703125 -0.6025390625 0.37890625
1.16796875 -0.624755859375 0.119384765625
1.109619140625 -0.845458984375 -0.223388671875
0.963134765625 -0.396240234375 0.109375
0.898681640625 -0.37451171875 0.021728515625
0.9443359375 -0.35546875 0.012451171875
0.92724609375 -0.3046875 0.034912109375
0.9228515625 -0.299072265625 0.057861328125
0.947998046875 -0.31103515625 0.1015625
0.9443359375 -0.34228515625 0.107177734375
0.9384765625 -0.3466796875 0.063232421875
0.9296875 -0.34814453125 0.063720703125
