0.9541015625 -0.28759765625 0.107666015625 -62.0121955871582 69.39024353027344 -18.475610733032227
0.96923828125 -0.3173828125 0.11083984375 -3.2926831245422363 0.15243902802467346 1.3414634466171265
1.702392578125 -1.182861328125 0.3896484375 -23.53658676147461 33.871952056884766 147.43902587890625
0.36669921875 -0.795654296875 0.453369140625 121.5243911743164 71.25 293.1402587890625
-0.0615234375 -0.24658203125 0.356689453125 108.96341705322266 161.34146118164063 78.04878234863281
0.010986328125 -0.64404296875 0.46630859375 4.542683124542236 55.54878234863281 -29.969512939453125
0.6328125 -1.299072265625 1.043212890625 25.54878044128418 -2.896341562271118 22.65243911743164
-0.59130859375 -0.764404296875 0.56982421875 -153.0487823486328 17.865854263305664 9.359756469726563
-0.156494140625 -1.117431640625 0.540771484375 -56.25 -24.63414764404297 -17.83536720275879
-0.088623046875 -0.79296875 0.199462890625 90.45732116699219 -6.920732021331787 -12.743903160095215
0.145263671875 -0.73046875 0.38525390625 -13.079268455505371 -11.40243911743164 4.603658676147461
-0.2001953125 -0.6728515625 -0.18017578125 -213.6280517578125 -24.390243530273438 -82.7743911743164
0.095703125 -1.0205078125 -0.08203125 -31.829269409179688 12.134146690368652 -215.48780822753906
0.763916015625 -0.411376953125 -0.076171875 -69.51219940185547 21.310976028442383 -252.86585998535156
1.517822265625 -1.31494140625 -0.451904296875 323.81097412109375 25.121952056884766 -200.06097412109375
0.997314453125 -0.011474609375 0.2412109375 -20.670732498168945 30.24390411376953 86.79878234863281
0.817138671875 -0.40283203125 0.0185546875 -104.42073059082031 41.006099700927734 33.475608825683594
1.012939453125 -0.3759765625 -0.01513671875 77.1036605834961 4.054878234863281 0.8841463327407837
0.947021484375 -0.23486328125 0.046630859375 40.975608825683594 -6.890244007110596 28.810976028442383
0.8984375 -0.267578125 0.0517578125 5.54878044128418 -9.329268455505371 11.37195110321045
0.935546875 -0.298583984375 0.120849609375 16.371952056884766 -21.859756469726563 -16.40243911743164
0.98779296875 -0.35107421875 0.194091796875 -26.463415145874023 5.670732021331787 -13.140244483947754
0.95458984375 -0.354736328125 0.06982421875 -18.810976028442383 10.762195587158203 -8.59756088256836
0.944580078125 -0.348388671875 0.063720703125 -17.19512176513672 8.079268455505371 -3.262195110321045
0.9296875 -0.31298828125 0.0791015625 -18.689023971557617 4.054878234863281 4.5731706619262695
0.93603515625 -0.307861328125 0.106201171875 -17.7439022064209 0.4573170840740204 -2.591463565826416
