0.9443359375 -0.30712890625 0.125244140625
1.10888671875 -0.684326171875 0.2275390625
1.210693359375 -1.0810546875 0.474609375
0.178466796875 -0.742431640625 0.3408203125
-0.16259765625 -0.51513671875 0.298828125
0.1337890625 -0.84912109375 0.20556640625
0.236083984375 -0.778564453125 -0.23779296875
0.165283203125 -0.815185546875 0.197509765625
0.18408203125 -0.806640625 0.57421875
0.004638671875 -0.693115234375 0.301513671875
0.51025390625 -0.44873046875 0.165283203125
1.7294921875 -0.6162109375 0.29833984375
1.235595703125 0.39501953125 0.250244140625
0.9365234375 -0.48583984375 0.159423828125
0.978515625 -0.398681640625 0.049560546875
1.012451171875 -0.26123046875 0.01416015625
0.85400390625 -0.210205078125 0.06591796875
0.988037109375 -0.303466796875 0.23583984375
0.940673828125 -0.34130859375 0.091552734375
0.9638671875 -0.32666015625 0.09423828125
