1.2138671875 -0.940185546875 0.219970703125
0.9052734375 -1.535888671875 0.555419921875
0.151123046875 -0.547607421875 0.46044921875
0.160400390625 -0.41650390625 0.428955078125
0.153076171875 -0.433837890625 0.64111328125
-0.099365234375 -0.531005859375 0.089599609375
-0.005615234375 -0.547119140625 1.078369140625
0.171142578125 -0.44677734375 0.60107421875
0.292236328125 -0.417724609375 0.670166015625
0.209228515625 -0.663330078125 0.35986328125
0.508544921875 -1.074951171875 -0.142822265625
0.907958984375 -0.993896484375 -0.184814453125
1.0078125 -0.9365234375 -0.27685546875
1.127685546875 -0.494873046875 0.38916015625
1.018798828125 -0.259765625 0.01806640625
0.934814453125 -0.370361328125 -0.054931640625
0.958984375 -0.278564453125 0.046142578125
0.942138671875 -0.23779296875 0.112548828125
0.9404296875 -0.398193359375 0.06396484375
0.94677734375 -0.314697265625 0.106201171875
0.94384765625 -0.2978515625 0.070556640625
0.947021484375 -0.2880859375 0.090576171875
0.9443359375 -0.31494140625 0.08544921875
