1.126220703125 -0.6953125 0.12939453125 -60.0 67.28659057617188 -19.05487823486328
0.97412109375 -1.199462890625 0.588623046875 34.2378044128418 21.981708526611328 25.54878044128418
0.23095703125 -0.814208984375 0.349609375 9.512195587158203 49.14634323120117 198.14024353027344
-0.114501953125 -0.61767578125 0.393798828125 96.55487823486328 68.65853881835938 179.02439880371094
-0.08251953125 -0.507080078125 0.37939453125 81.9817123413086 56.40243911743164 115.94512176513672
0.0927734375 -0.6533203125 0.458984375 6.341463565826416 30.88414764404297 10.304878234863281
0.21044921875 -0.758056640625 1.0849609375 -151.98170471191406 -32.89634323120117 -25.88414764404297
-0.01025390625 -0.50927734375 0.427001953125 -62.07317352294922 50.274391174316406 35.7621955871582
0.179443359375 -0.59326171875 0.57275390625 23.658536911010742 -48.810977935791016 1.9817073345184326
0.1572265625 -0.747314453125 0.225830078125 -15.945122718811035 -4.786585330963135 -27.469512939453125
0.22265625 -0.984619140625 0.0390625 -95.51829528808594 -2.6524391174316406 -74.17683410644531
0.718505859375 -1.105224609375 -0.3017578125 -105.70122528076172 -8.90243911743164 -162.16464233398438
0.639892578125 -1.013916015625 -0.30810546875 -209.90853881835938 11.890244483947754 -156.006103515625
1.12158203125 -0.60693359375 0.07763671875 26.859756469726563 36.463417053222656 -101.92073059082031
0.888916015625 -0.37646484375 -0.090576171875 -62.92683029174805 -49.817073822021484 -38.719512939453125
0.87158203125 -0.380615234375 -0.11962890625 97.28659057617188 15.792683601379395 -20.579269409179688
0.97265625 -0.278076171875 -0.008056640625 37.28658676147461 1.8902440071105957 -0.396341472864151
0.96484375 -0.27880859375 0.073486328125 73.26219940185547 -8.47560977935791 -3.1097562313079834
0.94677734375 -0.348876953125 0.037353515625 -6.371951580047607 7.682927131652832 -2.22560977935791
0.980712890625 -0.3193359375 0.137451171875 -6.219512462615967 6.737804889678955 2.896341562271118
0.919921875 -0.3115234375 0.0849609375 4.603658676147461 5.6097564697265625 -0.6097561120986938
0.94287109375 -0.28955078125 0.12158203125 8.04878044128418 3.3841464519500732 -7.835366249084473
0.939697265625 -0.24853515625 0.132080078125 7.591463565826416 3.2012195587158203 -7.22560977935791
0.95068359375 -0.263916015625 0.11669921875 12.07317066192627 0.3353658616542816 -3.8109757900238037
1.03076171875 -0.19921875 0.14599609375 -2.896341562271118 -1.8292683362960815 3.0487804412841797
0.92431640625 -0.279052734375 0.074462890625 2.378048896789551 -2.7439024448394775 6.006097793579102
0.917724609375 -0.357177734375 0.078857421875 -33.475608825683594 -2.3475611209869385 6.707317352294922
0.92138671875 -0.33447265625 0.036376953125 -15.243903160095215 -7.77439022064209 -3.75
0.935546875 -0.34326171875 0.013916015625 -0.21341463923454285 -7.103658676147461 -6.737804889678955
0.936767578125 -0.34716796875 0.009521484375 -0.7317073345184326 -5.640244007110596 -3.0182926654815674
0.97412109375 -0.357177734375 0.012939453125 2.5304877758026123 -5.060975551605225 -0.3353658616542816
0.970458984375 -0.348388671875 0.031005859375 1.8902440071105957 0.3353658616542816 -0.12195122241973877
