-0.22998046875 0.387939453125 0.922119140625
-0.225341796875 0.379150390625 0.91015625
-0.211669921875 0.384033203125 0.9248046875
-0.2119140625 0.403564453125 0.91845703125
-0.2216796875 0.396484375 0.920166015625
-0.230712890625 0.396728515625 0.882080078125
-0.356689453125 0.528076171875 0.887939453125
-0.452880859375 0.501953125 0.78271484375
0.686279296875 -3.80224609375 7.9990234375
0.15087890625 0.84765625 0.92138671875
0.082763671875 0.23779296875 0.984619140625
-0.536376953125 0.42431640625 0.842529296875
-0.406005859375 0.3935546875 0.810791015625
-0.26708984375 0.30322265625 0.8564453125
-0.290771484375 0.36572265625 0.899169921875
-0.27001953125 0.3759765625 0.93701171875
-0.268798828125 0.373046875 0.914306640625
-0.23828125 0.38671875 0.917236328125
-0.238037109375 0.36083984375 0.923828125
-0.251220703125 0.3837890625 0.915283203125
-0.254638671875 0.382568359375 0.90771484375
-0.240478515625 0.39404296875 0.924560546875
-0.24462890625 0.39697265625 0.917724609375
-0.230712890625 0.394287109375 0.901611328125
-0.242919921875 0.39501953125 0.91943359375
-0.2353515625 0.388427734375 0.93359375
-0.221435546875 0.3828125 0.9072265625
-0.22412109375 0.396484375 0.90771484375
