-0.26513671875 0.280029296875 0.95068359375
-0.264892578125 0.28271484375 0.942626953125
-0.26708984375 0.303955078125 0.9482421875
-0.265625 0.27978515625 0.94189453125
-0.263427734375 0.298095703125 0.94482421875
-0.27294921875 0.2841796875 0.93994140625
-0.28759765625 0.30078125 0.940185546875
-0.38671875 0.30859375 0.93701171875
-0.422607421875 0.37890625 0.900390625
-0.276123046875 0.42724609375 0.905517578125
-0.166748046875 0.36279296875 0.96533203125
-0.222412109375 0.592041015625 0.726318359375
0.36572265625 1.4853515625 1.151123046875
0.510009765625 0.12841796875 0.998046875
-0.30859375 0.50830078125 0.79052734375
-0.206298828125 0.47705078125 0.939453125
-0.32861328125 0.577392578125 0.8466796875
-0.24658203125 0.517822265625 0.876953125
-0.232421875 0.42431640625 0.896484375
-0.185791015625 0.408203125 0.916748046875
-0.225341796875 0.370361328125 0.9091796875
-0.257568359375 0.3544921875 0.932861328125
-0.2568359375 0.3935546875 0.9130859375
-0.329833984375 0.36767578125 0.86083984375
-0.274169921875 0.318359375 0.935791015625
-0.250244140625 0.406982421875 0.980224609375
-0.24169921875 0.41845703125 0.90771484375
-0.234375 0.37109375 0.90673828125
-0.221435546875 0.389404296875 0.924072265625
-0.2314453125 0.410400390625 0.911865234375
-0.20947265625 0.392822265625 0.909423828125
-0.21484375 0.41552734375 0.913330078125
-0.2138671875 0.410888671875 0.923583984375
