-0.63037109375 0.155029296875 0.744140625
-0.74072265625 0.29833984375 0.729248046875
-0.75537109375 0.43505859375 0.741455078125
-0.595703125 0.829833984375 0.611328125
-2.0615234375 -0.8017578125 -1.818359375
-0.56201171875 -0.575439453125 0.97265625
-0.420654296875 0.337646484375 0.935546875
-0.706298828125 0.4638671875 0.58203125
-0.663330078125 0.294921875 0.84521484375
-0.620849609375 0.171630859375 0.82080078125
-0.57763671875 0.166748046875 0.80908203125
-0.575927734375 0.22119140625 0.829345703125
-0.59912109375 0.20556640625 0.823486328125
-0.593017578125 0.193359375 0.8037109375
-0.585205078125 0.175048828125 0.810302734375
-0.577880859375 0.193359375 0.793701171875
-0.58740234375 0.1826171875 0.820068359375
-0.5810546875 0.181396484375 0.8232421875
-0.572509765625 0.192626953125 0.82177734375
-0.577392578125 0.173095703125 0.85009765625
-0.5673828125 0.194091796875 0.820556640625
-0.56982421875 0.210693359375 0.833740234375
-0.570068359375 0.18359375 0.834228515625
-0.56787109375 0.1748046875 0.82421875
-0.5712890625 0.181640625 0.818603515625
-0.57275390625 0.17626953125 0.82568359375
