-0.6806640625 -0.427978515625 0.62890625
-0.669189453125 -0.427978515625 0.62060546875
-0.662353515625 -0.4091796875 0.6181640625
-0.721435546875 -0.32763671875 0.614990234375
-0.935546875 -0.344970703125 0.7138671875
-0.480712890625 -0.35693359375 0.59619140625
-1.438232421875 -1.224365234375 -0.02099609375
-0.197998046875 -0.6103515625 0.58349609375
-0.70947265625 -0.4482421875 0.510986328125
-0.798095703125 -0.559326171875 0.503173828125
-0.704833984375 -0.6416015625 0.458740234375
-0.687255859375 -0.60693359375 0.532958984375
-0.65087890625 -0.5185546875 0.6171875
-0.64111328125 -0.5107421875 0.599853515625
-0.635009765625 -0.524658203125 0.59228515625
-0.627197265625 -0.5078125 0.59814453125
-0.62255859375 -0.50634765625 0.60107421875
-0.622802734375 -0.521728515625 0.6005859375
-0.62158203125 -0.521240234375 0.608642578125
-0.6298828125 -0.520751953125 0.6005859375
-0.621826171875 -0.51708984375 0.616455078125
