-0.6357421875 -0.62158203125 0.455810546875
-0.650146484375 -0.63232421875 0.4462890625
-0.649169921875 -0.62939453125 0.457275390625
-0.639404296875 -0.614501953125 0.459228515625
-0.6240234375 -0.648681640625 0.4521484375
-0.634521484375 -0.63671875 0.469482421875
-0.65283203125 -0.649169921875 0.451416015625
-0.649169921875 -0.5986328125 0.468994140625
-0.746826171875 -0.561767578125 0.522705078125
-0.73046875 -0.595458984375 0.530029296875
-0.5078125 -0.6259765625 0.533447265625
0.454833984375 0.70751953125 1.003173828125
0.018310546875 -0.389892578125 0.812744140625
-0.534912109375 -0.464599609375 0.565673828125
-0.6962890625 -0.5146484375 0.6416015625
-0.621826171875 -0.581298828125 0.570556640625
-0.619384765625 -0.518798828125 0.588134765625
-0.5986328125 -0.67041015625 0.576171875
-0.57763671875 -0.6376953125 0.5703125
-0.567138671875 -0.57421875 0.563720703125
-0.559814453125 -0.610595703125 0.576171875
-0.58642578125 -0.621337890625 0.591552734375
-0.565185546875 -0.608154296875 0.56591796875
-0.591064453125 -0.578857421875 0.565185546875
-0.590087890625 -0.58544921875 0.566162109375
-0.584716796875 -0.595947265625 0.57470703125
-0.575439453125 -0.60205078125 0.577880859375
-0.57177734375 -0.59716796875 0.572998046875
-0.5732421875 -0.600830078125 0.56982421875
-0.570556640625 -0.595947265625 0.58056640625
-0.562255859375 -0.583740234375 0.580322265625
