0.250732421875 -0.025390625 0.98095703125 -60.060977935791016 70.45732116699219 -18.90243911743164
0.2509765625 -0.026611328125 0.981201171875 -0.5792683362960815 0.9451220035552979 -0.24390244483947754
0.2490234375 -0.023681640625 0.986083984375 -1.0365853309631348 0.6707317233085632 0.18292683362960815
0.250732421875 -0.02685546875 0.99267578125 -0.6707317233085632 0.8536585569381714 -0.24390244483947754
0.244140625 -0.008056640625 0.978271484375 -1.3719512224197388 0.6097561120986938 0.21341463923454285
0.245849609375 -0.07861328125 0.972900390625 -1.2804877758026123 3.567073345184326 5.091463565826416
0.210693359375 -0.120361328125 0.93701171875 -30.030488967895508 2.1341464519500732 10.70121955871582
-4.73193359375 -1.14111328125 1.32080078125 -59.08536911010742 5.091463565826416 11.006097793579102
0.175048828125 -0.27490234375 1.073974609375 -131.4634246826172 339.51220703125 105.30487823486328
0.095458984375 -0.303466796875 0.857177734375 -19.176830291748047 9.420731544494629 -34.725608825683594
0.196533203125 -0.328857421875 0.986083984375 12.804878234863281 -1.5243902206420898 -2.9268293380737305
0.189697265625 -0.275390625 0.937744140625 5.853658676147461 7.22560977935791 -3.1402440071105957
0.157470703125 -0.269287109375 0.96484375 5.6097564697265625 -1.1280487775802612 -1.920731782913208
0.1669921875 -0.287841796875 0.984619140625 -5.6097564697265625 2.9573171138763428 -0.9146341681480408
0.1806640625 -0.248291015625 0.96337890625 -0.6097561120986938 -0.9146341681480408 -0.9146341681480408
0.1875 -0.238037109375 0.971923828125 -1.3719512224197388 -2.22560977935791 -2.8353660106658936
0.1875 -0.237548828125 0.966552734375 1.5548781156539917 -0.8231707811355591 -0.8536585569381714
0.182373046875 -0.234130859375 0.976318359375 0.09146341681480408 0.4878048896789551 -0.6402438879013062
0.183837890625 -0.2255859375 0.974365234375 -0.18292683362960815 0.12195122241973877 -1.25
0.181884765625 -0.219482421875 0.98486328125 0.8536585569381714 -0.12195122241973877 -1.0365853309631348
0.17822265625 -0.224853515625 0.973388671875 -0.24390244483947754 0.396341472864151 -0.3353658616542816
0.180419921875 -0.2197265625 0.976318359375 -1.2195122241973877 0.3658536672592163 -0.3048780560493469
0.18115234375 -0.225341796875 0.980224609375 -1.3414634466171265 0.5792683362960815 -0.3658536672592163
0.182861328125 -0.221435546875 0.977783203125 -2.012195110321045 -0.12195122241973877 -0.7317073345184326
0.178955078125 -0.223388671875 0.974609375 -0.8841463327407837 0.12195122241973877 -0.5487805008888245
0.17626953125 -0.226318359375 0.9833984375 -1.432926893234253 0.21341463923454285 -0.5487805008888245
0.179931640625 -0.2197265625 0.9765625 0.3353658616542816 0.3353658616542816 -0.6097561120986938
0.17529296875 -0.220947265625 0.97412109375 -1.0365853309631348 0.4573170840740204 -0.7621951103210449
0.179443359375 -0.21728515625 0.97802734375 -0.4573170840740204 0.6707317233085632 -0.3048780560493469
0.174560546875 -0.22314453125 0.984130859375 -0.3658536672592163 0.3353658616542816 -0.8841463327407837
0.176025390625 -0.21875 0.9755859375 -1.3719512224197388 0.0 -0.27439025044441223
0.172119140625 -0.22314453125 0.982421875 -2.7439024448394775 -0.09146341681480408 -0.21341463923454285
0.174072265625 -0.21826171875 0.976806640625 -1.3414634466171265 0.3048780560493469 -0.9756097793579102
0.178955078125 -0.2158203125 0.97998046875 -0.7317073345184326 -0.18292683362960815 -1.0670732259750366
