0.128662109375 -0.01025390625 1.01708984375
0.11376953125 -0.009765625 1.021484375
0.129150390625 -0.023193359375 1.01416015625
0.130126953125 -0.004150390625 1.00830078125
0.118896484375 -0.005859375 1.0283203125
0.1376953125 -0.020751953125 0.99267578125
0.13330078125 -0.01220703125 1.032470703125
0.1396484375 -0.074951171875 1.04638671875
0.45458984375 -0.105712890625 1.14501953125
0.440673828125 -0.09326171875 0.921142578125
-0.057373046875 -0.012451171875 0.953857421875
-0.2626953125 0.016845703125 0.832275390625
-0.509521484375 -0.207763671875 0.8330078125
-0.263427734375 -0.445556640625 0.847412109375
-0.1728515625 -0.3466796875 0.9521484375
-0.077880859375 -0.4033203125 0.983154296875
0.023681640625 -0.305908203125 0.963134765625
0.13134765625 -0.1611328125 0.94677734375
0.111328125 -0.136962890625 1.0224609375
0.076904296875 -0.022216796875 1.088623046875
0.05224609375 0.0546875 1.026123046875
0.041748046875 0.034423828125 1.025146484375
0.037109375 0.01806640625 1.038818359375
0.048095703125 0.03173828125 1.02099609375
0.064208984375 -0.006591796875 1.017333984375
0.066162109375 0.003662109375 1.0283203125
0.079345703125 -0.001220703125 0.999267578125
0.078369140625 -0.011962890625 1.035400390625
0.08154296875 -0.041748046875 1.001708984375
0.081298828125 -0.003173828125 1.022705078125
0.081787109375 -0.009765625 1.012451171875
0.061767578125 -0.001953125 1.04248046875
