0.064697265625 0.916259765625 0.468017578125
0.074951171875 0.835693359375 0.4677734375
0.09130859375 0.86962890625 0.496337890625
0.31298828125 0.751953125 0.5771484375
0.373046875 0.69970703125 0.576904296875
-7.130615234375 3.40673828125 2.432861328125
0.111572265625 0.9658203125 0.0244140625
0.02685546875 0.891845703125 0.337158203125
0.309814453125 0.8173828125 0.55859375
0.21240234375 0.851318359375 0.510498046875
0.1533203125 0.931884765625 0.4521484375
0.112060546875 0.907958984375 0.4111328125
0.08837890625 0.939453125 0.435791015625
0.078369140625 0.85595703125 0.466552734375
0.083984375 0.888671875 0.463623046875
0.099853515625 0.872314453125 0.448974609375
0.11865234375 0.884765625 0.44677734375
0.12109375 0.898681640625 0.443603515625
0.094970703125 0.937255859375 0.447021484375
0.098388671875 0.88623046875 0.4541015625
0.06689453125 0.922607421875 0.432861328125
0.06005859375 0.898681640625 0.465576171875
0.066162109375 0.89794921875 0.45654296875
0.05810546875 0.90966796875 0.44580078125
