-0.541259765625 0.054931640625 0.86865234375
-0.52490234375 0.016845703125 1.00390625
-0.625 0.2158203125 0.7568359375
-0.865234375 0.32470703125 0.660400390625
-0.716552734375 0.907470703125 0.224853515625
0.048095703125 1.06298828125 0.66015625
0.015625 0.09228515625 0.938720703125
-0.2470703125 0.027099609375 0.965087890625
-0.4404296875 0.1533203125 0.8330078125
-0.8671875 0.212890625 0.72314453125
-0.6240234375 -0.0263671875 0.876220703125
-0.53173828125 -0.0908203125 0.8681640625
-0.508544921875 -0.0400390625 0.908935546875
-0.498291015625 -0.009521484375 0.887451171875
-0.495361328125 -0.0478515625 0.892578125
-0.523681640625 -0.040771484375 0.8779296875
-0.50439453125 -0.03125 0.89111328125
-0.495849609375 -0.04052734375 0.905029296875
-0.48779296875 -0.0390625 0.897705078125
-0.47900390625 -0.04443359375 0.908447265625
-0.4853515625 -0.025634765625 0.90380859375
-0.470947265625 -0.04736328125 0.91845703125
-0.463623046875 -0.022705078125 0.9111328125
