0.275390625 0.965576171875 -0.01123046875
0.279052734375 0.95654296875 -0.01708984375
0.2783203125 0.95751953125 -0.009033203125
0.277099609375 0.9658203125 -0.02099609375
0.27783203125 0.961181640625 -0.01806640625
0.27392578125 0.963623046875 -0.0146484375
0.276123046875 0.96630859375 -0.01904296875
0.2744140625 0.962646484375 -0.005615234375
0.481689453125 0.99560546875 0.020263671875
0.88037109375 0.8681640625 0.009033203125
0.693603515625 0.122314453125 -0.301025390625
-0.905517578125 0.91796875 -0.647216796875
-0.048095703125 0.857421875 0.03759765625
0.39892578125 0.936767578125 -0.19189453125
0.30126953125 1.043212890625 -0.04296875
0.14501953125 0.9443359375 0.031982421875
0.17041015625 0.960205078125 0.04736328125
0.177001953125 0.9619140625 0.075439453125
0.23583984375 0.9951171875 0.00390625
0.25830078125 0.995849609375 -0.056884765625
0.231201171875 0.97314453125 -0.064697265625
0.27734375 0.94140625 -0.03271484375
0.306640625 0.97119140625 -0.05078125
0.290771484375 0.98095703125 -0.093505859375
0.298095703125 0.93359375 -0.088623046875
0.312744140625 0.944091796875 -0.083251953125
0.324951171875 0.94287109375 -0.0830078125
0.3125 0.939208984375 -0.103515625
0.314208984375 0.94140625 -0.0888671875
0.31494140625 0.93603515625 -0.09423828125
0.302978515625 0.959716796875 -0.086181640625
