-0.46240234375 0.32080078125 0.850341796875
-0.45751953125 0.304931640625 0.86572265625
-0.455810546875 0.3134765625 0.86474609375
-0.446044921875 0.302734375 0.86572265625
-0.4560546875 0.31103515625 0.864013671875
-0.44580078125 0.301513671875 0.86181640625
-0.45556640625 0.301025390625 0.862548828125
-0.45361328125 0.300537109375 0.8701171875
-0.4462890625 0.30615234375 0.8671875
-0.44091796875 0.310302734375 0.859375
-0.514404296875 0.337646484375 0.8818359375
-0.596923828125 0.550048828125 0.802001953125
-0.485595703125 0.51953125 0.63330078125
-1.344970703125 0.23681640625 0.499267578125
-0.00537109375 0.448974609375 1.00146484375
-0.290283203125 0.4677734375 0.861083984375
-0.535888671875 0.42724609375 0.778564453125
-0.392333984375 0.34423828125 0.934326171875
-0.35498046875 0.2734375 0.873291015625
-0.394775390625 0.318115234375 0.89990234375
-0.40478515625 0.29443359375 0.934814453125
-0.387451171875 0.270263671875 0.9365234375
-0.35986328125 0.2705078125 0.918701171875
-0.354736328125 0.22509765625 0.913330078125
-0.35009765625 0.247314453125 0.955078125
-0.352783203125 0.25048828125 0.932373046875
-0.349853515625 0.232421875 0.921875
-0.359375 0.225830078125 0.932373046875
-0.3505859375 0.2255859375 0.94287109375
-0.34375 0.213623046875 0.94091796875
-0.35302734375 0.20703125 0.951904296875
-0.354248046875 0.18359375 0.924072265625
-0.360107421875 0.201904296875 0.933349609375
-0.358154296875 0.216796875 0.939453125
-0.340576171875 0.218505859375 0.9404296875
-0.350341796875 0.1962890625 0.944580078125
