-0.007568359375 -0.4453125 0.8505859375
-0.073974609375 -0.458251953125 0.80517578125
-0.05419921875 -0.5234375 0.8330078125
0.024658203125 -0.558349609375 0.83251953125
0.19482421875 -0.63525390625 0.869140625
-0.183349609375 1.28515625 0.886474609375
-0.43603515625 -0.33349609375 0.72705078125
-0.360107421875 -0.306396484375 0.791748046875
-0.034423828125 -0.3271484375 0.957275390625
0.131591796875 -0.294921875 1.08642578125
0.076416015625 -0.254638671875 1.03369140625
0.021240234375 -0.1953125 0.988037109375
0.005859375 -0.177734375 1.0263671875
0.019287109375 -0.183837890625 1.01025390625
0.012939453125 -0.182861328125 1.001953125
0.019287109375 -0.178466796875 1.007568359375
0.016357421875 -0.18310546875 1.014404296875
