-0.00439453125 -0.375244140625 0.930908203125
-0.015380859375 -0.3525390625 0.95263671875
-0.049072265625 -0.361572265625 0.94482421875
-0.04248046875 -0.368896484375 0.94677734375
2.44140625E-4 -0.34912109375 0.953125
0.005126953125 -0.32421875 0.972412109375
0.017578125 -0.29833984375 0.958251953125
0.00732421875 -0.298095703125 0.9853515625
-0.005859375 -0.293701171875 0.983154296875
-0.011962890625 -0.2734375 0.985595703125
-0.01220703125 -0.072021484375 1.074951171875
0.086181640625 -0.11474609375 0.99267578125
0.103759765625 -0.617431640625 0.8896484375
-0.010986328125 -0.481201171875 0.857421875
0.210205078125 -0.837158203125 0.584716796875
-0.22802734375 -0.3486328125 0.79296875
-0.50341796875 -0.138671875 0.783447265625
-0.23193359375 -0.3916015625 0.83349609375
-0.015869140625 -0.42578125 0.989501953125
0.017822265625 -0.51123046875 1.002685546875
0.045654296875 -0.394775390625 0.938232421875
0.04150390625 -0.258544921875 0.991455078125
0.10107421875 -0.213623046875 0.985595703125
0.0888671875 -0.186767578125 1.037353515625
0.09375 -0.1591796875 1.031982421875
0.119873046875 -0.165283203125 0.987060546875
0.192626953125 -0.176025390625 0.994140625
0.203369140625 -0.119140625 1.0029296875
0.190673828125 -0.1220703125 0.974853515625
0.168212890625 -0.138916015625 1.000732421875
0.174560546875 -0.132080078125 1.0126953125
0.1689453125 -0.151611328125 0.99658203125
0.130859375 -0.169921875 0.990234375
0.106201171875 -0.155029296875 0.990234375
