-0.217529296875 0.425048828125 0.912841796875
-0.220703125 0.423095703125 0.913818359375
-0.213134765625 0.433837890625 0.894775390625
-0.254150390625 0.46337890625 0.866455078125
-0.4892578125 0.58837890625 0.717529296875
-0.25634765625 0.4423828125 0.805908203125
0.0576171875 -0.18017578125 0.392333984375
0.31689453125 -0.035400390625 1.06884765625
-0.23583984375 0.38623046875 0.979248046875
-0.44287109375 0.524658203125 0.786376953125
-0.29833984375 0.396484375 0.84765625
-0.23974609375 0.42236328125 0.9345703125
-0.271728515625 0.40234375 0.900634765625
-0.275146484375 0.350830078125 0.927490234375
-0.262451171875 0.377685546875 0.910400390625
-0.25439453125 0.40185546875 0.9169921875
-0.269287109375 0.3603515625 0.9189453125
-0.263427734375 0.3779296875 0.931884765625
-0.25634765625 0.3759765625 0.92041015625
-0.260986328125 0.375244140625 0.92041015625
-0.25341796875 0.376708984375 0.9169921875
-0.251708984375 0.38232421875 0.914306640625
-0.244140625 0.3916015625 0.910400390625
-0.23779296875 0.38037109375 0.9208984375
-0.23828125 0.400146484375 0.917236328125
