-0.47265625 0.021484375 0.821044921875
-0.381591796875 0.114990234375 0.9482421875
-0.39013671875 0.186767578125 0.96435546875
-0.416748046875 0.224853515625 0.93798828125
-0.415771484375 0.18408203125 0.915283203125
-0.296875 0.06591796875 1.07568359375
-0.733154296875 0.44482421875 0.751708984375
-0.730224609375 0.9658203125 0.4033203125
-0.243408203125 0.7392578125 -0.705078125
-0.411865234375 -0.181640625 1.46875
-0.206787109375 0.457275390625 0.856201171875
-0.232421875 0.259521484375 0.89990234375
-0.470947265625 0.387939453125 0.819091796875
-0.6728515625 0.34033203125 0.7958984375
-0.5771484375 0.18212890625 0.88916015625
-0.496337890625 0.13671875 0.892578125
-0.49365234375 0.181396484375 0.8642578125
-0.489501953125 0.171875 0.906982421875
-0.487060546875 0.171630859375 0.90087890625
-0.472412109375 0.161376953125 0.892333984375
-0.472412109375 0.1552734375 0.897216796875
-0.465576171875 0.18701171875 0.885986328125
-0.457275390625 0.177490234375 0.904296875
-0.455810546875 0.16455078125 0.897705078125
-0.44921875 0.151611328125 0.90234375
-0.445068359375 0.166748046875 0.90576171875
-0.443115234375 0.162841796875 0.919921875
-0.435791015625 0.159423828125 0.9111328125
-0.43896484375 0.152587890625 0.9111328125
