0.25244140625 0.9208984375 0.04638671875
0.310546875 0.953125 0.042724609375
0.292724609375 0.990234375 0.041748046875
0.26025390625 0.96435546875 0.073974609375
0.276611328125 0.95751953125 0.0888671875
0.27880859375 0.94677734375 0.095947265625
0.278564453125 0.955078125 0.101806640625
0.308837890625 0.970947265625 0.13232421875
0.4951171875 0.862060546875 0.178955078125
0.84033203125 0.598388671875 0.33349609375
-1.68310546875 7.336669921875 3.128173828125
-0.581787109375 1.40380859375 -0.22509765625
0.0869140625 0.995361328125 0.09619140625
0.3642578125 0.9453125 0.164794921875
0.380615234375 1.046875 0.181396484375
0.232177734375 1.054931640625 0.1767578125
0.174560546875 0.9052734375 0.197509765625
0.2900390625 0.8955078125 0.206787109375
0.265625 0.945068359375 0.213134765625
0.26513671875 0.892578125 0.176513671875
0.31982421875 0.91357421875 0.166748046875
0.298828125 0.953369140625 0.145263671875
0.27490234375 0.921142578125 0.17041015625
0.252197265625 0.918212890625 0.201904296875
0.249755859375 0.966552734375 0.178466796875
0.226806640625 0.9765625 0.18017578125
0.2490234375 0.95556640625 0.13916015625
0.271240234375 0.96484375 0.126953125
