-0.39697265625 -0.09814453125 0.935302734375
-0.397705078125 -0.092529296875 0.95703125
-0.393310546875 -0.073974609375 0.961669921875
-0.395751953125 -0.021728515625 0.95263671875
-0.389892578125 -0.004150390625 0.993408203125
-0.3984375 -0.0439453125 0.942626953125
-0.45751953125 0.10009765625 0.859375
-0.42333984375 0.071533203125 0.935546875
-0.42919921875 -0.001708984375 0.960693359375
-0.55712890625 0.092529296875 0.904296875
-0.48291015625 0.151123046875 0.774658203125
-0.2041015625 0.27783203125 0.862548828125
-0.443603515625 0.845947265625 -0.1484375
-0.299560546875 -0.15966796875 0.883544921875
-0.1943359375 0.180908203125 1.011962890625
-0.416259765625 0.17578125 0.85302734375
-0.580810546875 0.126220703125 0.902587890625
-0.51416015625 0.0556640625 0.891357421875
-0.50244140625 0.0048828125 0.93408203125
-0.45703125 -0.008056640625 0.973388671875
-0.45068359375 -0.007080078125 0.89794921875
-0.44140625 -0.031982421875 0.94189453125
-0.434326171875 -0.014892578125 0.946044921875
-0.413818359375 -0.003662109375 0.94189453125
-0.422607421875 -0.036376953125 0.961669921875
-0.421630859375 -0.0087890625 0.9296875
-0.391357421875 -0.025634765625 0.93896484375
-0.430419921875 -0.03125 0.955078125
-0.439208984375 0.02880859375 0.91455078125
-0.4501953125 -0.04248046875 0.91943359375
-0.4296875 -0.04345703125 0.90283203125
-0.404296875 -0.006103515625 0.894287109375
-0.4580078125 -0.03515625 0.885498046875
-0.551025390625 -0.0751953125 0.893310546875
-0.48583984375 -0.110595703125 0.843017578125
-0.53857421875 -0.14013671875 0.892578125
-0.556640625 -0.056884765625 0.892578125
-0.530517578125 -0.0556640625 0.87939453125
-0.5830078125 -0.053466796875 0.83447265625
-0.5537109375 -0.083984375 0.852294921875
