-0.597412109375 -0.54443359375 0.598388671875 -59.26829528808594 68.41463470458984 -18.658536911010742
-0.59423828125 -0.541259765625 0.619140625 -3.9939024448394775 3.567073345184326 -0.396341472864151
-0.6298828125 -0.52978515625 0.6328125 -2.2865853309631348 0.15243902802467346 0.060975611209869385
-0.6806640625 -0.52734375 0.62890625 -0.5487805008888245 -0.8841463327407837 -1.6768293380737305
-0.7685546875 -0.361083984375 0.627685546875 2.9268293380737305 1.158536672592163 1.8597561120986938
-0.666015625 -0.587158203125 0.628662109375 3.079268455505371 3.4146342277526855 -7.378048896789551
0.101806640625 -2.587646484375 0.43994140625 -0.9451220035552979 4.72560977935791 -53.719512939453125
-0.007568359375 -0.094970703125 0.255126953125 14.72560977935791 14.634146690368652 -153.8719482421875
-0.55224609375 -0.6015625 0.3994140625 30.48780632019043 -26.55487823486328 -14.45121955871582
-0.800537109375 -0.567138671875 0.54931640625 -32.89634323120117 -28.59756088256836 95.09146881103516
-0.747802734375 -0.42626953125 0.498046875 7.835366249084473 -8.04878044128418 17.469512939453125
-0.716552734375 -0.51416015625 0.456787109375 -3.170731782913208 1.158536672592163 9.207317352294922
-0.695068359375 -0.652099609375 0.433349609375 -10.945121765136719 6.067073345184326 -12.042683601379395
-0.7001953125 -0.63623046875 0.416015625 -14.329268455505371 3.7804880142211914 -6.463414669036865
-0.667236328125 -0.65478515625 0.404541015625 -12.77439022064209 1.6768293380737305 2.4695122241973877
-0.677001953125 -0.646240234375 0.430908203125 -3.4146342277526855 -1.158536672592163 -4.115853786468506
-0.6826171875 -0.634521484375 0.4228515625 -3.4146342277526855 -1.4634146690368652 -2.1341464519500732
-0.66455078125 -0.631103515625 0.40771484375 0.5487805008888245 -1.8597561120986938 -0.792682945728302
-0.654296875 -0.62255859375 0.430908203125 -0.4878048896789551 -0.030487805604934692 1.25
-0.66796875 -0.63916015625 0.42919921875 -0.9756097793579102 -1.0365853309631348 -0.4878048896789551
-0.6591796875 -0.63232421875 0.43310546875 -0.09146341681480408 -1.097561001777649 0.18292683362960815
-0.6484375 -0.62353515625 0.420654296875 1.3719512224197388 -1.1280487775802612 -0.4878048896789551
-0.66455078125 -0.63818359375 0.43896484375 -1.6463415622711182 -0.060975611209869385 -0.5487805008888245
-0.659423828125 -0.6337890625 0.434814453125 -1.585365891456604 -0.12195122241973877 -2.0731706619262695
-0.65234375 -0.618896484375 0.43505859375 -0.792682945728302 -0.8231707811355591 -0.030487805604934692
