-0.372802734375 0.15625 1.04638671875 -60.70122146606445 64.93902587890625 -19.878049850463867
-0.348388671875 0.1533203125 0.9765625 3.1097562313079834 1.6768293380737305 5.396341800689697
-0.35888671875 0.173095703125 0.93798828125 2.8048782348632813 6.432927131652832 4.420732021331787
-0.544189453125 0.284912109375 1.00927734375 19.29878044128418 2.896341562271118 12.743903160095215
-0.60986328125 0.416748046875 0.767822265625 35.3658561706543 2.5609755516052246 8.993902206420898
-0.324462890625 0.25537109375 0.798095703125 15.396342277526855 -18.59756088256836 -5.640244007110596
-0.260009765625 0.368408203125 0.9013671875 16.676830291748047 -42.19512176513672 -25.060976028442383
-4.8974609375 5.938232421875 1.105712890625 407.2256164550781 467.5304870605469 -383.2926940917969
0.24609375 0.135009765625 0.75732421875 -5.9146342277526855 -30.70121955871582 -3.47560977935791
-0.0322265625 0.466064453125 0.962890625 -41.371952056884766 94.96951293945313 35.45731735229492
-0.5556640625 0.629150390625 0.728759765625 -43.68902587890625 71.58536529541016 28.35365867614746
-0.590087890625 0.424560546875 0.784912109375 -17.865854263305664 -10.54878044128418 -1.3719512224197388
-0.506103515625 0.247314453125 0.906005859375 -14.512195587158203 -8.993902206420898 -9.87804889678955
-0.490966796875 0.230712890625 0.899169921875 -0.8231707811355591 -3.353658676147461 -4.359755992889404
-0.43603515625 0.25244140625 0.91064453125 -2.4695122241973877 -3.6890244483947754 -1.3719512224197388
-0.435302734375 0.260498046875 0.900390625 -1.920731782913208 1.097561001777649 -1.3414634466171265
-0.447509765625 0.22802734375 0.881103515625 -0.5182926654815674 0.0 0.8841463327407837
-0.434326171875 0.2568359375 0.883056640625 -3.7195122241973877 -0.3048780560493469 -0.5792683362960815
-0.433837890625 0.269287109375 0.90234375 -5.060975551605225 -1.1280487775802612 -0.5487805008888245
-0.435302734375 0.241943359375 0.87158203125 -2.682926893234253 1.0060975551605225 -0.09146341681480408
-0.43505859375 0.24560546875 0.88623046875 0.18292683362960815 -1.2804877758026123 -0.8536585569381714
-0.438232421875 0.227783203125 0.89111328125 -1.8902440071105957 -2.195122003555298 0.18292683362960815
-0.431640625 0.24365234375 0.89892578125 1.3414634466171265 -0.27439025044441223 -0.9756097793579102
-0.42333984375 0.2685546875 0.893798828125 -3.8719513416290283 -0.030487805604934692 -0.396341472864151
-0.427978515625 0.243896484375 0.9033203125 -2.408536672592163 -0.6402438879013062 0.09146341681480408
-0.425048828125 0.234619140625 0.88525390625 -2.682926893234253 0.15243902802467346 -0.060975611209869385
-0.43017578125 0.265625 0.90185546875 -0.9451220035552979 0.396341472864151 -1.097561001777649
-0.427978515625 0.248291015625 0.893310546875 -0.060975611209869385 -1.097561001777649 0.5487805008888245
