0.050537109375 -0.17724609375 0.9912109375
0.003662109375 -0.227294921875 1.02294921875
0.0673828125 -0.192138671875 0.9677734375
0.011474609375 -0.18701171875 1.013427734375
0.0341796875 -0.143310546875 1.01025390625
-0.01611328125 -0.163818359375 1.01513671875
0.0498046875 -0.208740234375 0.946044921875
0.059326171875 -0.207275390625 1.046142578125
0.095458984375 -0.20458984375 1.052734375
0.316162109375 -0.198974609375 0.90576171875
0.38916015625 -0.364013671875 0.934814453125
-0.187744140625 -0.016357421875 1.007568359375
-0.39697265625 -0.24560546875 0.83154296875
-0.040771484375 -0.407470703125 0.93212890625
0.099609375 -0.306884765625 0.9873046875
0.050048828125 -0.30810546875 1.037841796875
0.00927734375 -0.207763671875 1.016845703125
-0.011474609375 -0.189697265625 0.998046875
-0.011474609375 -0.222412109375 1.00146484375
-0.00146484375 -0.23193359375 1.009521484375
-0.04345703125 -0.235595703125 0.97412109375
-0.033935546875 -0.241455078125 0.970947265625
0.00732421875 -0.200927734375 0.990478515625
-0.003662109375 -0.193115234375 1.037353515625
-0.01025390625 -0.189208984375 1.011962890625
