0.136962890625 -0.0654296875 1.010009765625 -59.024391174316406 68.75 -20.274391174316406
0.13916015625 -0.080810546875 1.003662109375 -5.152439117431641 -1.0060975551605225 -1.2804877758026123
0.13818359375 -0.0908203125 1.008544921875 -2.1646342277526855 0.21341463923454285 -0.7621951103210449
0.14013671875 -0.0869140625 1.000732421875 -1.0365853309631348 -0.8536585569381714 -0.6402438879013062
0.14404296875 -0.08349609375 1.009521484375 -0.060975611209869385 -0.18292683362960815 -0.6097561120986938
0.151611328125 -0.089111328125 1.025146484375 1.2804877758026123 0.6402438879013062 0.9451220035552979
0.271728515625 -0.140625 1.015869140625 10.243902206420898 4.603658676147461 14.969512939453125
0.46923828125 -0.14453125 1.016845703125 -57.317073822021484 10.54878044128418 60.3658561706543
0.055908203125 -0.4775390625 1.103271484375 -68.32317352294922 21.341463088989258 63.93292999267578
-1.6376953125 -0.2197265625 1.046875 160.76219177246094 -1.097561001777649 -42.317073822021484
-0.160888671875 -0.29296875 0.7783203125 19.237804412841797 46.6158561706543 4.359755992889404
-0.177978515625 -0.175537109375 0.790771484375 40.030487060546875 9.695121765136719 -17.164634704589844
0.013427734375 -0.254638671875 1.023193359375 52.68292999267578 11.25 -37.713417053222656
-0.017333984375 -0.233642578125 1.098388671875 18.170732498168945 8.87195110321045 -31.067073822021484
-0.012451171875 -0.222900390625 1.069091796875 5.3353657722473145 -17.68292808532715 -29.969512939453125
0.067138671875 -0.11376953125 0.985595703125 10.670731544494629 -25.18292808532715 -27.957317352294922
0.102783203125 -0.07373046875 1.0087890625 8.32317066192627 -16.79878044128418 -22.89634132385254
0.0927734375 -0.089111328125 1.0732421875 5.3353657722473145 -10.70121955871582 -18.689023971557617
0.123779296875 -0.02783203125 1.0029296875 -9.268293380737305 -9.420731544494629 -11.219512939453125
0.08642578125 -0.04541015625 1.037841796875 1.4634146690368652 4.908536911010742 -4.817073345184326
0.093994140625 -0.001708984375 1.040771484375 -1.5243902206420898 -3.4146342277526855 -5.579268455505371
0.106689453125 -0.02587890625 1.000732421875 -0.18292683362960815 -0.6707317233085632 -2.77439022064209
0.122802734375 -0.005859375 1.0146484375 0.6402438879013062 1.4634146690368652 -1.3109756708145142
0.0966796875 -0.01171875 1.025146484375 -1.3109756708145142 -0.21341463923454285 0.21341463923454285
0.1064453125 -0.022705078125 1.016845703125 -2.1646342277526855 -2.1341464519500732 0.24390244483947754
0.10498046875 -0.017333984375 1.0078125 -2.0426828861236572 -0.24390244483947754 0.18292683362960815
0.104248046875 -0.00732421875 1.031005859375 0.7012195587158203 -1.3414634466171265 0.396341472864151
0.111083984375 -0.01123046875 1.01708984375 -3.0182926654815674 -1.4634146690368652 -1.5243902206420898
