-0.18994140625 0.394775390625 0.9208984375
-0.179443359375 0.404052734375 0.92822265625
-0.184326171875 0.400390625 0.920654296875
-0.184814453125 0.402099609375 0.91650390625
-0.189208984375 0.3955078125 0.927001953125
-0.18896484375 0.400390625 0.92822265625
-0.179443359375 0.396240234375 0.927490234375
-0.18017578125 0.404052734375 0.9267578125
-0.182861328125 0.406494140625 0.918701171875
-0.23095703125 0.460205078125 0.873779296875
-0.277587890625 0.40625 0.904541015625
-0.312744140625 0.61962890625 0.83984375
0.102783203125 0.65625 0.5732421875
-0.050048828125 0.586669921875 0.840576171875
0.15185546875 0.228759765625 0.947265625
-0.32275390625 0.501220703125 0.946044921875
-0.306640625 0.36376953125 0.90869140625
-0.218017578125 0.3193359375 0.940673828125
-0.20458984375 0.335205078125 0.956298828125
-0.208740234375 0.329345703125 0.951904296875
-0.1865234375 0.32470703125 0.9619140625
-0.170166015625 0.332275390625 0.956787109375
-0.1650390625 0.34423828125 0.93701171875
-0.15625 0.341552734375 0.965576171875
-0.15625 0.341552734375 0.94775390625
-0.160400390625 0.34375 0.95263671875
-0.156494140625 0.332763671875 0.958251953125
-0.162841796875 0.349609375 0.9453125
-0.157958984375 0.363037109375 0.93505859375
-0.14501953125 0.373779296875 0.947265625
