0.33837890625 0.177490234375 0.943603515625
0.329833984375 0.14208984375 0.9443359375
0.32080078125 0.14404296875 0.960205078125
0.31689453125 0.164306640625 0.95556640625
0.306640625 0.127685546875 0.9716796875
0.3271484375 0.1904296875 0.94970703125
0.29052734375 0.19677734375 0.95361328125
0.33203125 0.181396484375 0.9443359375
0.342041015625 0.25390625 0.863525390625
0.3017578125 0.27783203125 0.99169921875
0.251708984375 0.222412109375 0.99853515625
0.266357421875 0.121337890625 0.9619140625
0.52880859375 0.014404296875 1.125244140625
0.174072265625 0.531005859375 0.9921875
0.484375 0.16455078125 1.052490234375
0.4169921875 -0.0048828125 0.984130859375
0.323486328125 -0.101806640625 0.96142578125
0.338623046875 -0.273681640625 0.57861328125
0.48046875 -0.3515625 0.712890625
0.4580078125 -0.43212890625 0.752197265625
0.404541015625 -0.400146484375 0.79833984375
0.399169921875 -0.430908203125 0.7646484375
0.50537109375 -0.422607421875 0.78515625
0.52587890625 -0.3740234375 0.7236328125
0.51904296875 -0.336181640625 0.7724609375
0.48486328125 -0.30419921875 0.849609375
0.390625 -0.187255859375 0.99365234375
0.20166015625 -0.0751953125 1.07666015625
