0.137451171875 0.9111328125 0.395263671875 -55.03049087524414 69.26829528808594 -16.981708526611328
0.32421875 0.88818359375 0.4384765625 7.1646342277526855 7.957317352294922 10.030488014221191
0.3837890625 0.862548828125 0.4541015625 19.63414764404297 30.731708526611328 17.042682647705078
0.23876953125 0.88330078125 0.357666015625 27.5 8.59756088256836 18.140243530273438
-1.970458984375 3.819580078125 0.823486328125 89.11585235595703 14.268293380737305 -27.80487823486328
0.3701171875 0.789306640625 -0.003662109375 -28.414634704589844 -11.219512939453125 -25.0
0.060302734375 0.945556640625 0.13671875 -2.865853786468506 2.682926893234253 -25.64024543762207
0.2919921875 0.88623046875 0.2509765625 -14.695122718811035 -19.7560977935791 -6.920732021331787
0.301025390625 0.9931640625 0.311279296875 12.286585807800293 -13.262195587158203 4.2682929039001465
0.310546875 0.962890625 0.34716796875 -9.84756088256836 -9.84756088256836 13.536585807800293
0.32421875 0.8671875 0.3486328125 -1.6158536672592163 -11.40243911743164 10.213415145874023
0.306884765625 0.920654296875 0.281982421875 2.2560975551605225 -9.817073822021484 -1.7682926654815674
0.288330078125 0.93212890625 0.277099609375 -9.268293380737305 -6.341463565826416 -6.128048896789551
0.26513671875 0.912109375 0.28076171875 -8.75 -7.987804889678955 -0.4268292784690857
0.306884765625 0.91015625 0.2958984375 -2.5 -10.396341323852539 5.6097564697265625
0.301025390625 0.92138671875 0.322509765625 -14.054878234863281 -2.6219513416290283 -1.7682926654815674
0.30029296875 0.905029296875 0.329345703125 0.4268292784690857 -2.22560977935791 2.1341464519500732
0.323974609375 0.907470703125 0.31689453125 2.195122003555298 -0.21341463923454285 1.432926893234253
0.32177734375 0.92041015625 0.2880859375 2.865853786468506 1.7073171138763428 2.7134146690368652
0.310302734375 0.9091796875 0.286376953125 2.5609755516052246 1.4939024448394775 2.4390244483947754
0.330078125 0.930419921875 0.2880859375 0.7317073345184326 2.2865853309631348 0.9756097793579102
0.319091796875 0.9189453125 0.281494140625 -0.4573170840740204 2.7134146690368652 0.060975611209869385
0.3095703125 0.89990234375 0.28515625 -1.3109756708145142 1.8597561120986938 0.15243902802467346
0.320556640625 0.924072265625 0.287109375 0.396341472864151 0.5182926654815674 -1.0060975551605225
