-0.245849609375 -0.004150390625 0.95751953125 -42.80487823486328 65.33536529541016 -38.506099700927734
-0.268310546875 0.10595703125 1.025146484375 9.45121955871582 4.207317352294922 -3.9939024448394775
-0.308837890625 0.150146484375 0.969482421875 7.743902683258057 15.762195587158203 0.27439025044441223
-0.288818359375 0.2021484375 0.88134765625 7.560976028442383 10.731707572937012 3.2012195587158203
-0.258544921875 0.183349609375 0.9697265625 8.47560977935791 6.615853786468506 -2.5609755516052246
-0.594970703125 0.39990234375 1.049072265625 39.969512939453125 14.17682933807373 -0.030487805604934692
-2.50341796875 2.043701171875 0.441162109375 -50.7621955871582 110.45732116699219 177.34756469726563
-0.230224609375 -0.417236328125 1.1083984375 -14.939024925231934 22.378049850463867 1.25
-0.286376953125 0.332275390625 0.881591796875 -19.60365867614746 8.62804889678955 10.12195110321045
-0.334716796875 0.28369140625 0.864990234375 -48.6280517578125 -18.262195587158203 31.58536720275879
-0.37646484375 0.209228515625 0.963623046875 -54.664634704589844 -13.932927131652832 4.634146690368652
-0.246337890625 0.1025390625 1.050048828125 -29.420732498168945 -23.38414764404297 1.2804877758026123
-0.164306640625 0.006591796875 1.035400390625 -17.469512939453125 -18.018293380737305 -6.615853786468506
-0.141357421875 -0.045654296875 1.032958984375 -19.664634704589844 -18.75 1.8292683362960815
-0.117919921875 -0.03369140625 0.871826171875 -23.628049850463867 -38.29268264770508 0.6097561120986938
0.189697265625 -0.2236328125 1.16455078125 -23.475610733032227 -63.871952056884766 -26.768293380737305
0.153564453125 -0.548583984375 0.965087890625 -39.26829528808594 -10.457317352294922 15.853658676147461
0.17626953125 -0.287109375 0.95947265625 -6.7682929039001465 15.792683601379395 10.243902206420898
