0.350830078125 0.903076171875 -0.2412109375
0.3583984375 0.891357421875 -0.23974609375
0.359130859375 0.902099609375 -0.2470703125
0.357177734375 0.898193359375 -0.24365234375
0.36083984375 0.896240234375 -0.23779296875
0.367431640625 0.90185546875 -0.24560546875
0.68603515625 0.59912109375 -0.78076171875
0.537353515625 0.653076171875 -0.6005859375
0.393798828125 0.842529296875 -0.242431640625
0.380126953125 0.89794921875 -0.216064453125
0.439208984375 0.873779296875 -0.224365234375
0.41259765625 0.878662109375 -0.251708984375
0.42041015625 0.881103515625 -0.25244140625
0.420654296875 0.868896484375 -0.23828125
0.424072265625 0.86279296875 -0.239501953125
0.425048828125 0.875244140625 -0.232421875
0.4248046875 0.87548828125 -0.234375
0.42041015625 0.867919921875 -0.234130859375
0.4228515625 0.873046875 -0.233154296875
0.420654296875 0.880126953125 -0.224365234375
0.424072265625 0.870849609375 -0.23046875
0.42626953125 0.8759765625 -0.23046875
0.423828125 0.86962890625 -0.23046875
0.4248046875 0.868896484375 -0.228759765625
