0.09765625 -0.03662109375 1.0166015625
0.10546875 -0.016357421875 1.02001953125
0.128173828125 -0.0458984375 1.050048828125
0.4267578125 -0.06640625 1.072998046875
0.36962890625 -0.188720703125 0.940185546875
0.1865234375 -0.50048828125 0.744140625
-1.021484375 1.05078125 1.092529296875
-0.091796875 -0.33837890625 0.625
-0.390380859375 -0.7109375 0.37451171875
-0.21728515625 -0.76904296875 0.60400390625
-0.180908203125 -0.697509765625 0.88134765625
-0.145751953125 -0.684814453125 0.9287109375
-0.101318359375 -0.510986328125 0.816162109375
-0.08837890625 -0.4609375 0.859619140625
0.004638671875 -0.41015625 0.9248046875
0.10400390625 -0.330810546875 0.992431640625
0.123046875 -0.309814453125 0.96240234375
0.114013671875 -0.27001953125 1.013427734375
0.19189453125 -0.2958984375 0.932861328125
0.27197265625 -0.280517578125 0.9921875
0.24560546875 -0.2685546875 0.944091796875
0.1884765625 -0.262939453125 0.994873046875
0.19189453125 -0.29150390625 0.9794921875
0.151611328125 -0.29736328125 0.942138671875
0.134033203125 -0.29150390625 0.967041015625
