0.296142578125 0.966552734375 0.113037109375
0.3076171875 0.9365234375 0.114501953125
0.30029296875 0.9580078125 0.112060546875
0.30517578125 0.945068359375 0.111083984375
0.30517578125 0.95556640625 0.110107421875
0.30419921875 0.951904296875 0.10498046875
0.300537109375 0.94189453125 0.111572265625
0.314208984375 1.034423828125 0.16845703125
0.7177734375 0.893310546875 0.126220703125
0.484375 0.74951171875 -0.02001953125
-2.333740234375 1.47802734375 -2.0498046875
0.0146484375 0.78125 -0.39208984375
0.222900390625 0.862548828125 0.0673828125
0.420654296875 0.8642578125 -0.01025390625
0.488037109375 0.966796875 0.00390625
0.4345703125 0.948486328125 0.021240234375
0.494384765625 0.95556640625 0.014892578125
0.3916015625 0.90478515625 -0.020263671875
0.395751953125 0.90673828125 7.32421875E-4
0.3818359375 0.980224609375 -0.094970703125
0.375732421875 0.865234375 0.04541015625
0.341552734375 1.005615234375 -0.01416015625
0.363037109375 0.91748046875 -0.009033203125
0.375 0.921875 0.019287109375
0.35498046875 0.963623046875 0.025390625
0.361572265625 0.842041015625 0.00927734375
0.3818359375 0.872802734375 -0.087646484375
0.364990234375 1.00048828125 -0.051513671875
0.459228515625 1.19873046875 -0.013916015625
0.380859375 1.331787109375 0.346923828125
0.118896484375 -0.0087890625 0.78076171875
-0.0732421875 -0.486083984375 0.81005859375
