-0.48974609375 -0.045166015625 0.985595703125 -56.310977935791016 63.93292999267578 -14.390244483947754
-0.5703125 -0.00927734375 0.8779296875 8.018292427062988 0.8536585569381714 11.890244483947754
-0.6435546875 0.154541015625 0.839599609375 4.146341323852539 11.920731544494629 23.810976028442383
-0.664306640625 0.53564453125 0.63818359375 25.70121955871582 3.7195122241973877 21.58536720275879
-4.2392578125 1.214599609375 0.75 75.0 -34.725608825683594 -33.353660583496094
-0.274169921875 0.0048828125 0.62353515625 226.5548858642578 247.86585998535156 -28.68902587890625
-0.6416015625 0.2236328125 0.85107421875 20.0 -31.920732498168945 -8.932927131652832
-0.495361328125 0.316650390625 0.8525390625 9.908536911010742 5.3353657722473145 1.7682926654815674
-0.554931640625 0.32177734375 0.848876953125 -10.487805366516113 12.07317066192627 12.134146690368652
-0.539794921875 0.28173828125 0.843994140625 -13.780488014221191 2.1341464519500732 9.817073822021484
-0.552490234375 0.236328125 0.834228515625 -6.981707572937012 0.15243902802467346 -0.9146341681480408
-0.526611328125 0.220703125 0.878173828125 -6.829268455505371 -3.75 -2.9573171138763428
-0.511962890625 0.197021484375 0.863525390625 -5.487804889678955 -2.591463565826416 -1.4939024448394775
-0.50390625 0.13232421875 0.86669921875 -7.317073345184326 0.9451220035552979 -1.737804889678955
-0.52880859375 0.1494140625 0.89404296875 -7.682927131652832 -0.9756097793579102 -2.9573171138763428
-0.523681640625 0.17333984375 0.86572265625 -2.682926893234253 -1.3719512224197388 1.432926893234253
-0.49462890625 0.153564453125 0.86474609375 3.1402440071105957 1.158536672592163 1.6768293380737305
-0.517578125 0.14794921875 0.879638671875 -5.0 0.15243902802467346 0.5487805008888245
-0.522216796875 0.146484375 0.86767578125 -5.853658676147461 -0.3353658616542816 1.3414634466171265
-0.521728515625 0.114990234375 0.876708984375 -6.006097793579102 1.1890244483947754 -2.1646342277526855
-0.525634765625 0.08984375 0.87890625 -6.097560882568359 -2.9268293380737305 -1.1280487775802612
-0.5126953125 0.102294921875 0.875732421875 -1.432926893234253 -2.5609755516052246 -1.7073171138763428
-0.50244140625 0.102294921875 0.908935546875 -1.8902440071105957 0.24390244483947754 -0.7012195587158203
-0.498046875 0.095947265625 0.877197265625 -0.9451220035552979 -1.3109756708145142 -0.5182926654815674
-0.496826171875 0.09814453125 0.882568359375 -1.7987805604934692 -0.6707317233085632 0.9756097793579102
-0.5048828125 0.09521484375 0.885986328125 -1.3414634466171265 -0.21341463923454285 0.27439025044441223
-0.501220703125 0.09912109375 0.878173828125 -1.585365891456604 -0.6707317233085632 0.9451220035552979
-0.506103515625 0.10693359375 0.8798828125 -2.7439024448394775 1.432926893234253 0.6707317233085632
