0.299560546875 0.91748046875 0.281005859375
0.30224609375 0.9111328125 0.273193359375
0.306884765625 0.93115234375 0.28271484375
0.295166015625 0.91796875 0.278564453125
0.29296875 0.9140625 0.281982421875
0.292236328125 0.909423828125 0.28857421875
0.299560546875 0.919189453125 0.290771484375
0.290283203125 0.91796875 0.300048828125
0.281494140625 0.952392578125 0.26171875
0.311767578125 0.891845703125 0.258056640625
0.41357421875 0.9658203125 0.333984375
0.564453125 0.756591796875 0.372802734375
0.549072265625 0.676513671875 0.26513671875
-3.900146484375 7.38330078125 2.543701171875
0.325439453125 0.848388671875 -0.02734375
-0.228759765625 1.158447265625 0.13671875
0.21875 0.8330078125 0.11962890625
0.3203125 1.00048828125 0.134521484375
0.31982421875 0.93798828125 0.185302734375
0.374267578125 0.87646484375 0.254638671875
0.359619140625 0.861572265625 0.23046875
0.388671875 1.014892578125 0.219482421875
0.281005859375 0.935546875 0.1669921875
0.2919921875 1.011962890625 0.15625
0.292236328125 0.94580078125 0.10205078125
0.296142578125 0.947998046875 0.089599609375
0.30078125 0.9365234375 0.0927734375
0.3056640625 0.957275390625 0.08056640625
0.316162109375 0.94189453125 0.1103515625
0.3017578125 0.945556640625 0.125732421875
0.311767578125 0.953125 0.1220703125
0.28125 0.9287109375 0.1455078125
