-0.2890625 0.4609375 0.843017578125
-0.29443359375 0.449462890625 0.953125
-0.75634765625 1.11572265625 0.49951171875
-0.480224609375 -0.591064453125 0.00830078125
0.3994140625 0.61767578125 0.943603515625
-0.164306640625 0.59423828125 0.944580078125
-0.3330078125 0.451171875 0.826416015625
-0.33642578125 0.47802734375 0.862060546875
-0.28955078125 0.370849609375 0.9072265625
-0.246337890625 0.408203125 0.895751953125
-0.248291015625 0.44482421875 0.864013671875
-0.250244140625 0.43212890625 0.88916015625
-0.246337890625 0.393798828125 0.914794921875
-0.254638671875 0.3984375 0.89306640625
-0.2529296875 0.382568359375 0.906494140625
-0.25 0.411376953125 0.9228515625
-0.25048828125 0.42333984375 0.888916015625
