-0.023193359375 -0.214111328125 0.997802734375
-0.015380859375 -0.226806640625 1.007080078125
-0.011474609375 -0.248046875 1.0068359375
-0.0625 -0.348388671875 1.027099609375
0.013916015625 -0.546630859375 0.90625
-0.044677734375 -0.536865234375 0.8349609375
-0.238525390625 -0.591796875 0.718017578125
-1.9853515625 2.8310546875 1.99755859375
-0.699951171875 -0.572998046875 1.135498046875
-0.6328125 -0.62451171875 0.23486328125
-0.3369140625 -0.793701171875 0.633544921875
-0.2529296875 -0.786865234375 0.73388671875
-0.189208984375 -0.722412109375 0.762451171875
-0.22412109375 -0.645263671875 0.73583984375
-0.20947265625 -0.55908203125 0.7666015625
-0.1884765625 -0.5390625 0.8369140625
-0.20458984375 -0.592529296875 0.828857421875
-0.20751953125 -0.581298828125 0.81005859375
-0.217041015625 -0.5322265625 0.81884765625
-0.182861328125 -0.56787109375 0.795654296875
-0.1748046875 -0.5595703125 0.83740234375
-0.1923828125 -0.531494140625 0.8701171875
-0.1875 -0.5087890625 0.86865234375
-0.166748046875 -0.5341796875 0.845458984375
-0.162109375 -0.515380859375 0.864990234375
-0.15478515625 -0.499267578125 0.869140625
-0.157470703125 -0.51025390625 0.867431640625
-0.154541015625 -0.502685546875 0.880126953125
