-0.480712890625 0.0078125 0.924072265625 -57.713417053222656 68.32317352294922 -15.731707572937012
-0.472900390625 0.019287109375 0.890869140625 0.6097561120986938 -0.24390244483947754 0.3658536672592163
-0.4716796875 0.021484375 0.9052734375 2.8353660106658936 -1.25 -5.243902683258057
-0.48193359375 0.021240234375 0.908935546875 -3.932926893234253 2.22560977935791 -2.896341562271118
-0.486572265625 0.0341796875 0.888916015625 -1.0670732259750366 -1.0365853309631348 1.0670732259750366
-0.494873046875 -0.0087890625 0.9462890625 6.95121955871582 8.841464042663574 3.7804880142211914
-0.550537109375 0.1171875 0.83984375 -9.786585807800293 21.219512939453125 16.79878044128418
-0.80810546875 0.398193359375 0.794677734375 14.908536911010742 -0.24390244483947754 2.2560975551605225
-0.30810546875 -0.029541015625 0.872314453125 114.08536529541016 -42.164634704589844 -56.1280517578125
-0.498046875 0.81640625 0.069091796875 56.79878234863281 -38.414634704589844 7.439024448394775
-0.47998046875 0.03515625 0.887939453125 -76.92073059082031 15.945122718811035 -14.634146690368652
-0.48779296875 0.18896484375 0.91796875 -42.713417053222656 6.95121955871582 12.22560977935791
-0.48681640625 0.116455078125 0.8408203125 -23.841463088989258 4.207317352294922 12.92682933807373
-0.53173828125 0.1083984375 0.869873046875 -30.18292808532715 3.353658676147461 0.6707317233085632
-0.599365234375 0.109130859375 0.85302734375 -16.64634132385254 2.6219513416290283 1.25
-0.5419921875 0.09033203125 0.830322265625 -11.493903160095215 -4.481707572937012 -3.628048896789551
-0.5302734375 0.0458984375 0.8701171875 -6.402439117431641 -6.79878044128418 -7.286585330963135
-0.5185546875 0.008544921875 0.89697265625 -7.195122241973877 -5.97560977935791 -5.060975551605225
-0.509765625 0.012939453125 0.892333984375 -5.640244007110596 -4.847560882568359 -2.195122003555298
-0.48779296875 0.007080078125 0.91748046875 -2.5609755516052246 -2.7439024448394775 -1.1890244483947754
-0.483154296875 -0.006103515625 0.9189453125 -3.0487804412841797 0.3658536672592163 -1.25
-0.48876953125 -0.013916015625 0.88623046875 -5.152439117431641 3.079268455505371 -2.9268293380737305
-0.501708984375 -0.0185546875 0.91015625 -6.310975551605225 -1.432926893234253 -0.8536585569381714
-0.49365234375 -0.025390625 0.91162109375 -3.079268455505371 -0.396341472864151 0.09146341681480408
-0.48681640625 -0.029052734375 0.88427734375 -1.737804889678955 -2.591463565826416 -0.9146341681480408
-0.49951171875 -0.039794921875 0.907470703125 -1.3414634466171265 -1.7682926654815674 -1.5548781156539917
-0.492919921875 -0.03466796875 0.892333984375 -0.6402438879013062 1.3109756708145142 1.0670732259750366
-0.481689453125 -0.041748046875 0.889404296875 -2.4695122241973877 0.3658536672592163 -1.0060975551605225
-0.491455078125 -0.031494140625 0.911865234375 -1.25 -0.6707317233085632 -0.396341472864151
-0.483642578125 -0.03857421875 0.901123046875 -0.396341472864151 0.7012195587158203 0.4268292784690857
-0.486572265625 -0.025634765625 0.885498046875 0.21341463923454285 -0.3353658616542816 0.15243902802467346
