-0.44482421875 0.05908203125 0.904296875
-0.440185546875 0.097900390625 0.91748046875
-0.4306640625 0.096923828125 0.921630859375
-0.447998046875 0.092041015625 0.93017578125
-0.476318359375 0.13623046875 0.93505859375
-0.588134765625 0.177978515625 0.9306640625
-0.56201171875 0.505859375 0.657958984375
-0.392578125 0.673828125 -0.31201171875
-0.061279296875 0.12744140625 1.200439453125
-0.215087890625 0.354736328125 1.02392578125
-0.43798828125 0.456787109375 0.76220703125
-0.585205078125 0.42041015625 0.768798828125
-0.54052734375 0.327880859375 0.8359375
-0.473876953125 0.226806640625 0.859130859375
-0.46533203125 0.2158203125 0.876708984375
-0.4658203125 0.257568359375 0.8984375
-0.481689453125 0.244384765625 0.90185546875
-0.450439453125 0.229248046875 0.8828125
-0.451904296875 0.21435546875 0.88525390625
-0.462158203125 0.20654296875 0.868896484375
-0.44482421875 0.2099609375 0.903564453125
-0.438720703125 0.22119140625 0.904052734375
-0.439453125 0.210205078125 0.905517578125
-0.421875 0.20947265625 0.927978515625
-0.40869140625 0.20947265625 0.90576171875
-0.408203125 0.218994140625 0.932861328125
-0.420654296875 0.21533203125 0.920166015625
-0.39599609375 0.221435546875 0.908203125
-0.397216796875 0.206787109375 0.92333984375
-0.400146484375 0.216796875 0.908935546875
-0.4140625 0.2001953125 0.91845703125
-0.410400390625 0.2041015625 0.91943359375
-0.40283203125 0.22021484375 0.91650390625
-0.410400390625 0.21142578125 0.9248046875
-0.40625 0.2197265625 0.91552734375
-0.412353515625 0.205810546875 0.916748046875
-0.410888671875 0.20556640625 0.90625
