-0.546630859375 -0.6083984375 0.582763671875
-0.546875 -0.6064453125 0.58984375
-0.551025390625 -0.61474609375 0.58837890625
-0.541748046875 -0.605224609375 0.583740234375
-0.553466796875 -0.60546875 0.575439453125
-0.662109375 -0.583740234375 0.64990234375
-0.691162109375 -0.500732421875 0.617431640625
-0.640869140625 -0.621337890625 0.604248046875
-0.52685546875 -0.437255859375 0.60009765625
-0.11279296875 -0.44970703125 0.359130859375
-0.22705078125 -0.7314453125 0.6171875
-0.6533203125 -0.621826171875 0.51318359375
-0.847412109375 -0.31787109375 0.592529296875
-0.765625 -0.370361328125 0.56982421875
-0.681884765625 -0.510986328125 0.546875
-0.657470703125 -0.505615234375 0.548095703125
-0.644775390625 -0.504638671875 0.571533203125
-0.623779296875 -0.54736328125 0.58642578125
-0.6328125 -0.52099609375 0.567626953125
-0.64208984375 -0.552490234375 0.57275390625
-0.64404296875 -0.551025390625 0.56298828125
-0.630615234375 -0.546630859375 0.5693359375
-0.6240234375 -0.546875 0.577880859375
-0.623779296875 -0.5478515625 0.571044921875
-0.626220703125 -0.549072265625 0.574462890625
-0.629150390625 -0.554931640625 0.564208984375
-0.617919921875 -0.54638671875 0.57080078125
-0.614501953125 -0.5517578125 0.583984375
-0.620849609375 -0.5634765625 0.576171875
-0.6123046875 -0.555419921875 0.576904296875
-0.611572265625 -0.544921875 0.577392578125
-0.62158203125 -0.553955078125 0.584716796875
-0.61669921875 -0.545166015625 0.574462890625
-0.601806640625 -0.564208984375 0.581787109375
