-0.534912109375 -0.365234375 0.79052734375 -54.5121955871582 66.9817123413086 -22.65243911743164
-0.54296875 -0.393310546875 0.77783203125 -0.5792683362960815 -1.5548781156539917 1.7073171138763428
-0.522216796875 -0.382568359375 0.7841796875 -0.18292683362960815 -0.4268292784690857 -0.4268292784690857
-0.5234375 -0.380126953125 0.77783203125 -0.21341463923454285 0.21341463923454285 -2.2865853309631348
-0.540771484375 -0.408447265625 0.767578125 -0.6402438879013062 0.24390244483947754 0.21341463923454285
-0.5751953125 -0.383056640625 0.774658203125 -0.9756097793579102 0.4573170840740204 2.408536672592163
-1.055908203125 0.07470703125 0.763916015625 -52.621952056884766 5.213414669036865 -10.54878044128418
-0.6572265625 -0.984619140625 0.088134765625 -24.115854263305664 0.8536585569381714 -53.506099700927734
-0.45751953125 -0.58642578125 0.440185546875 -62.469512939453125 13.963415145874023 58.84146499633789
-0.580810546875 -0.4619140625 0.619873046875 -27.13414764404297 5.6097564697265625 56.585365295410156
-0.84912109375 -0.315185546875 0.52197265625 -13.932927131652832 7.713414669036865 30.213415145874023
-0.82373046875 -0.35302734375 0.5693359375 10.518293380737305 -7.804878234863281 -2.8353660106658936
-0.7060546875 -0.433349609375 0.574951171875 6.646341800689697 -4.481707572937012 2.103658676147461
-0.716796875 -0.421875 0.58203125 -0.8841463327407837 -4.786585330963135 -0.4573170840740204
-0.753662109375 -0.423828125 0.588623046875 -0.09146341681480408 -2.3475611209869385 5.091463565826416
-0.7109375 -0.40185546875 0.560546875 2.378048896789551 -2.1341464519500732 3.4146342277526855
-0.719970703125 -0.381591796875 0.5654296875 -0.8536585569381714 -2.4390244483947754 2.9573171138763428
-0.73095703125 -0.43701171875 0.58203125 -1.3414634466171265 -2.9573171138763428 -2.3475611209869385
-0.72900390625 -0.385498046875 0.586669921875 -1.0060975551605225 0.3048780560493469 2.896341562271118
-0.697509765625 -0.39697265625 0.587158203125 0.9451220035552979 -1.7987805604934692 -0.3048780560493469
-0.720703125 -0.4140625 0.591796875 -1.2804877758026123 -2.7134146690368652 -1.3719512224197388
-0.719482421875 -0.41650390625 0.598876953125 -3.8719513416290283 0.0 -0.3658536672592163
-0.699951171875 -0.4189453125 0.606201171875 -2.5304877758026123 -0.9756097793579102 0.792682945728302
-0.700927734375 -0.40625 0.602783203125 -0.4268292784690857 -1.3109756708145142 -0.7012195587158203
-0.709228515625 -0.40966796875 0.58544921875 -0.030487805604934692 -2.2560975551605225 -0.6097561120986938
