-0.265380859375 0.194580078125 0.957763671875
-0.283203125 0.202880859375 0.982666015625
-0.450439453125 0.462890625 0.882568359375
-0.176025390625 0.469970703125 0.59765625
-0.314453125 -0.16796875 0.916015625
-0.169677734375 0.415771484375 0.96337890625
-0.408935546875 0.2998046875 0.81103515625
-0.375 0.28173828125 0.939453125
-0.338134765625 0.296142578125 0.920166015625
-0.33349609375 0.2802734375 0.927734375
-0.32470703125 0.28125 0.922607421875
-0.31396484375 0.25732421875 0.927978515625
-0.306396484375 0.2607421875 0.9462890625
-0.306640625 0.295166015625 0.93408203125
-0.2919921875 0.29443359375 0.948486328125
-0.3076171875 0.24755859375 0.923095703125
-0.29638671875 0.26513671875 0.960205078125
-0.300537109375 0.275634765625 0.944580078125
