0.13037109375 -0.230224609375 0.9931640625
0.136474609375 -0.241455078125 1.00244140625
0.122314453125 -0.225341796875 0.995849609375
0.123779296875 -0.208251953125 1.010009765625
0.4580078125 0.014404296875 0.897705078125
0.123046875 -0.30322265625 0.941650390625
-0.150634765625 -0.473876953125 0.8681640625
-1.385498046875 -2.395263671875 0.9130859375
-0.15966796875 -0.339111328125 1.13720703125
-0.046142578125 -0.518310546875 0.75048828125
-0.037841796875 -0.3408203125 0.97314453125
-0.033935546875 -0.25927734375 0.96484375
0.05126953125 -0.31689453125 0.921630859375
-0.0087890625 -0.195068359375 0.97265625
-0.0283203125 -0.2158203125 1.041015625
-0.05859375 -0.1767578125 1.015380859375
-0.055419921875 -0.217529296875 1.002685546875
-0.058837890625 -0.219482421875 0.997802734375
-0.05419921875 -0.2197265625 0.9951171875
-0.052734375 -0.2314453125 0.994140625
-0.054931640625 -0.223876953125 0.99462890625
-0.060302734375 -0.2275390625 0.99755859375
-0.059814453125 -0.22265625 0.994384765625
-0.063232421875 -0.21435546875 0.9970703125
-0.058837890625 -0.21923828125 0.994140625
-0.05712890625 -0.220703125 0.99462890625
-0.058837890625 -0.215087890625 0.995849609375
-0.06201171875 -0.209716796875 1.0
-0.062744140625 -0.210205078125 0.9990234375
-0.0615234375 -0.206787109375 0.997314453125
-0.061279296875 -0.2080078125 0.997314453125
-0.062255859375 -0.206787109375 0.998046875
