0.330810546875 0.04345703125 0.9638671875
0.324462890625 0.039306640625 0.96435546875
0.324462890625 0.0400390625 0.958740234375
0.32275390625 0.037109375 0.970458984375
0.326171875 0.0380859375 0.962890625
0.3251953125 0.0615234375 0.958740234375
0.3212890625 0.047119140625 0.9716796875
0.3291015625 0.039306640625 0.965087890625
-0.23193359375 0.491943359375 0.6220703125
0.30517578125 0.13232421875 0.859130859375
0.2919921875 0.070556640625 1.007568359375
0.28271484375 -0.006591796875 1.014892578125
0.3388671875 0.048583984375 0.97314453125
0.27880859375 0.097900390625 0.97705078125
0.28662109375 0.203857421875 0.9921875
0.380615234375 0.09228515625 0.916015625
0.365234375 0.106689453125 0.943115234375
0.35546875 0.14599609375 0.941162109375
0.3564453125 0.072509765625 0.941162109375
0.3720703125 0.01416015625 0.957763671875
0.34765625 0.0390625 0.97607421875
0.387939453125 0.22509765625 0.95068359375
0.438232421875 0.173828125 0.854736328125
0.4130859375 0.105712890625 0.9072265625
0.408935546875 0.130615234375 0.947509765625
0.410888671875 0.12548828125 0.9375
0.38525390625 0.116943359375 0.9306640625
0.406005859375 0.10791015625 0.914306640625
0.384033203125 0.138427734375 0.935791015625
0.388671875 0.119140625 0.947998046875
0.334228515625 0.1640625 0.95751953125
0.38623046875 0.140869140625 0.939208984375
0.3896484375 0.13671875 0.90771484375
